Weight vector: [[ 0.90032473  0.78604619  0.85077613  1.29870263  0.1298506   1.57192678
   0.99844888 -0.01520158]]
Learning rate: 0.75
Step	Cost
0	[22.32514968]
1	[18.27946891]
2	[16.9819944]
3	[16.34285072]
4	[15.99967548]
5	[15.80094642]
6	[15.67721713]
7	[15.59496393]
8	[15.53722612]
9	[15.49497461]
10	[15.46311442]
11	[15.43858053]
12	[15.41940702]
13	[15.40425829]
14	[15.39218388]
15	[15.38248382]
16	[15.37463032]
17	[15.36821918]
18	[15.36293776]
19	[15.35854275]
20	[15.35484408]
21	[15.35169292]
22	[15.34897256]
23	[15.3465914]
24	[15.34447752]
25	[15.34257442]
26	[15.34083773]
27	[15.33923256]
28	[15.3377315]
29	[15.33631303]
30	[15.33496021]
31	[15.33365975]
32	[15.33240118]
33	[15.33117628]
34	[15.3299786]
35	[15.32880305]
36	[15.32764565]
37	[15.32650324]
38	[15.32537337]
39	[15.32425408]
40	[15.32314384]
41	[15.32204145]
42	[15.32094596]
43	[15.31985663]
44	[15.31877286]
45	[15.31769418]
46	[15.31662023]
47	[15.31555072]
48	[15.31448542]
49	[15.31342413]
50	[15.31236671]
51	[15.31131306]
52	[15.31026306]
53	[15.30921664]
54	[15.30817374]
55	[15.30713431]
56	[15.30609831]
57	[15.3050657]
58	[15.30403645]
59	[15.30301053]
60	[15.30198793]
61	[15.30096861]
62	[15.29995257]
63	[15.29893979]
64	[15.29793025]
65	[15.29692393]
66	[15.29592084]
67	[15.29492094]
68	[15.29392423]
69	[15.29293071]
70	[15.29194035]
71	[15.29095315]
72	[15.28996909]
73	[15.28898817]
74	[15.28801038]
75	[15.2870357]
76	[15.28606412]
77	[15.28509564]
78	[15.28413025]
79	[15.28316793]
80	[15.28220867]
81	[15.28125247]
82	[15.28029932]
83	[15.2793492]
84	[15.27840211]
85	[15.27745803]
86	[15.27651696]
87	[15.27557888]
88	[15.2746438]
89	[15.27371169]
90	[15.27278255]
91	[15.27185636]
92	[15.27093313]
93	[15.27001284]
94	[15.26909548]
95	[15.26818104]
96	[15.26726951]
97	[15.26636089]
98	[15.26545515]
99	[15.26455231]
100	[15.26365233]
101	[15.26275523]
102	[15.26186098]
103	[15.26096958]
104	[15.26008101]
105	[15.25919528]
106	[15.25831237]
107	[15.25743227]
108	[15.25655497]
109	[15.25568046]
110	[15.25480874]
111	[15.2539398]
112	[15.25307362]
113	[15.2522102]
114	[15.25134954]
115	[15.25049161]
116	[15.24963641]
117	[15.24878394]
118	[15.24793418]
119	[15.24708713]
120	[15.24624278]
121	[15.24540111]
122	[15.24456213]
123	[15.24372581]
124	[15.24289216]
125	[15.24206117]
126	[15.24123282]
127	[15.24040711]
128	[15.23958403]
129	[15.23876357]
130	[15.23794572]
131	[15.23713048]
132	[15.23631783]
133	[15.23550777]
134	[15.23470029]
135	[15.23389538]
136	[15.23309304]
137	[15.23229325]
138	[15.23149601]
139	[15.2307013]
140	[15.22990913]
141	[15.22911948]
142	[15.22833234]
143	[15.22754771]
144	[15.22676558]
145	[15.22598594]
146	[15.22520879]
147	[15.2244341]
148	[15.22366189]
149	[15.22289213]
150	[15.22212483]
151	[15.22135997]
152	[15.22059754]
153	[15.21983754]
154	[15.21907997]
155	[15.2183248]
156	[15.21757204]
157	[15.21682168]
158	[15.2160737]
159	[15.21532811]
160	[15.2145849]
161	[15.21384405]
162	[15.21310556]
163	[15.21236942]
164	[15.21163562]
165	[15.21090416]
166	[15.21017503]
167	[15.20944823]
168	[15.20872374]
169	[15.20800155]
170	[15.20728166]
171	[15.20656407]
172	[15.20584876]
173	[15.20513573]
174	[15.20442497]
175	[15.20371648]
176	[15.20301024]
177	[15.20230625]
178	[15.2016045]
179	[15.20090499]
180	[15.2002077]
181	[15.19951263]
182	[15.19881978]
183	[15.19812914]
184	[15.19744069]
185	[15.19675444]
186	[15.19607037]
187	[15.19538848]
188	[15.19470876]
189	[15.1940312]
190	[15.19335581]
191	[15.19268256]
192	[15.19201146]
193	[15.19134249]
194	[15.19067566]
195	[15.19001095]
196	[15.18934836]
197	[15.18868787]
198	[15.18802949]
199	[15.18737321]
200	[15.18671901]
201	[15.1860669]
202	[15.18541687]
203	[15.1847689]
204	[15.184123]
205	[15.18347916]
206	[15.18283737]
207	[15.18219762]
208	[15.1815599]
209	[15.18092422]
210	[15.18029057]
211	[15.17965893]
212	[15.1790293]
213	[15.17840168]
214	[15.17777605]
215	[15.17715242]
216	[15.17653077]
217	[15.17591111]
218	[15.17529342]
219	[15.17467769]
220	[15.17406392]
221	[15.17345211]
222	[15.17284225]
223	[15.17223433]
224	[15.17162835]
225	[15.17102429]
226	[15.17042216]
227	[15.16982195]
228	[15.16922365]
229	[15.16862725]
230	[15.16803275]
231	[15.16744015]
232	[15.16684943]
233	[15.1662606]
234	[15.16567364]
235	[15.16508855]
236	[15.16450532]
237	[15.16392395]
238	[15.16334443]
239	[15.16276675]
240	[15.16219092]
241	[15.16161692]
242	[15.16104475]
243	[15.16047439]
244	[15.15990586]
245	[15.15933914]
246	[15.15877422]
247	[15.1582111]
248	[15.15764977]
249	[15.15709023]
250	[15.15653247]
251	[15.15597649]
252	[15.15542228]
253	[15.15486984]
254	[15.15431915]
255	[15.15377022]
256	[15.15322303]
257	[15.15267759]
258	[15.15213388]
259	[15.15159191]
260	[15.15105166]
261	[15.15051314]
262	[15.14997632]
263	[15.14944122]
264	[15.14890782]
265	[15.14837612]
266	[15.14784611]
267	[15.14731779]
268	[15.14679116]
269	[15.1462662]
270	[15.14574291]
271	[15.14522129]
272	[15.14470133]
273	[15.14418302]
274	[15.14366637]
275	[15.14315136]
276	[15.14263799]
277	[15.14212626]
278	[15.14161615]
279	[15.14110767]
280	[15.14060081]
281	[15.14009557]
282	[15.13959193]
283	[15.13908989]
284	[15.13858946]
285	[15.13809062]
286	[15.13759337]
287	[15.1370977]
288	[15.13660361]
289	[15.13611109]
290	[15.13562014]
291	[15.13513075]
292	[15.13464293]
293	[15.13415665]
294	[15.13367193]
295	[15.13318875]
296	[15.1327071]
297	[15.13222699]
298	[15.13174841]
299	[15.13127136]
300	[15.13079582]
301	[15.1303218]
302	[15.12984929]
303	[15.12937828]
304	[15.12890877]
305	[15.12844076]
306	[15.12797423]
307	[15.1275092]
308	[15.12704564]
309	[15.12658356]
310	[15.12612295]
311	[15.12566381]
312	[15.12520613]
313	[15.12474991]
314	[15.12429514]
315	[15.12384182]
316	[15.12338994]
317	[15.12293951]
318	[15.1224905]
319	[15.12204293]
320	[15.12159678]
321	[15.12115205]
322	[15.12070874]
323	[15.12026684]
324	[15.11982635]
325	[15.11938726]
326	[15.11894957]
327	[15.11851327]
328	[15.11807836]
329	[15.11764484]
330	[15.11721269]
331	[15.11678193]
332	[15.11635253]
333	[15.1159245]
334	[15.11549784]
335	[15.11507253]
336	[15.11464858]
337	[15.11422598]
338	[15.11380473]
339	[15.11338481]
340	[15.11296624]
341	[15.11254899]
342	[15.11213308]
343	[15.11171849]
344	[15.11130522]
345	[15.11089326]
346	[15.11048262]
347	[15.11007328]
348	[15.10966525]
349	[15.10925852]
350	[15.10885309]
351	[15.10844894]
352	[15.10804608]
353	[15.10764451]
354	[15.10724421]
355	[15.10684519]
356	[15.10644744]
357	[15.10605095]
358	[15.10565573]
359	[15.10526177]
360	[15.10486906]
361	[15.1044776]
362	[15.10408739]
363	[15.10369842]
364	[15.10331069]
365	[15.10292419]
366	[15.10253893]
367	[15.10215489]
368	[15.10177208]
369	[15.10139048]
370	[15.1010101]
371	[15.10063093]
372	[15.10025297]
373	[15.09987621]
374	[15.09950065]
375	[15.09912629]
376	[15.09875312]
377	[15.09838114]
378	[15.09801034]
379	[15.09764073]
380	[15.09727229]
381	[15.09690502]
382	[15.09653892]
383	[15.09617399]
384	[15.09581022]
385	[15.09544761]
386	[15.09508616]
387	[15.09472585]
388	[15.0943667]
389	[15.09400868]
390	[15.09365181]
391	[15.09329607]
392	[15.09294147]
393	[15.092588]
394	[15.09223565]
395	[15.09188442]
396	[15.09153431]
397	[15.09118532]
398	[15.09083744]
399	[15.09049066]
400	[15.09014499]
401	[15.08980042]
402	[15.08945695]
403	[15.08911457]
404	[15.08877329]
405	[15.08843309]
406	[15.08809397]
407	[15.08775593]
408	[15.08741897]
409	[15.08708308]
410	[15.08674826]
411	[15.08641451]
412	[15.08608182]
413	[15.08575019]
414	[15.08541962]
415	[15.0850901]
416	[15.08476163]
417	[15.0844342]
418	[15.08410782]
419	[15.08378247]
420	[15.08345817]
421	[15.08313489]
422	[15.08281265]
423	[15.08249143]
424	[15.08217123]
425	[15.08185205]
426	[15.08153389]
427	[15.08121675]
428	[15.08090061]
429	[15.08058548]
430	[15.08027135]
431	[15.07995823]
432	[15.0796461]
433	[15.07933496]
434	[15.07902482]
435	[15.07871566]
436	[15.07840749]
437	[15.0781003]
438	[15.07779409]
439	[15.07748885]
440	[15.07718458]
441	[15.07688129]
442	[15.07657896]
443	[15.07627759]
444	[15.07597718]
445	[15.07567773]
446	[15.07537923]
447	[15.07508168]
448	[15.07478508]
449	[15.07448943]
450	[15.07419471]
451	[15.07390094]
452	[15.0736081]
453	[15.07331619]
454	[15.07302522]
455	[15.07273516]
456	[15.07244604]
457	[15.07215783]
458	[15.07187054]
459	[15.07158417]
460	[15.07129871]
461	[15.07101415]
462	[15.07073051]
463	[15.07044776]
464	[15.07016592]
465	[15.06988498]
466	[15.06960493]
467	[15.06932577]
468	[15.0690475]
469	[15.06877011]
470	[15.06849361]
471	[15.06821799]
472	[15.06794325]
473	[15.06766938]
474	[15.06739639]
475	[15.06712426]
476	[15.066853]
477	[15.06658261]
478	[15.06631307]
479	[15.0660444]
480	[15.06577658]
481	[15.06550961]
482	[15.06524349]
483	[15.06497822]
484	[15.0647138]
485	[15.06445021]
486	[15.06418747]
487	[15.06392556]
488	[15.06366449]
489	[15.06340425]
490	[15.06314484]
491	[15.06288625]
492	[15.06262849]
493	[15.06237155]
494	[15.06211542]
495	[15.06186011]
496	[15.06160562]
497	[15.06135193]
498	[15.06109906]
499	[15.06084698]
500	[15.06059571]
501	[15.06034525]
502	[15.06009557]
503	[15.0598467]
504	[15.05959861]
505	[15.05935132]
506	[15.05910481]
507	[15.05885909]
508	[15.05861416]
509	[15.05837]
510	[15.05812662]
511	[15.05788401]
512	[15.05764218]
513	[15.05740111]
514	[15.05716082]
515	[15.05692129]
516	[15.05668252]
517	[15.05644451]
518	[15.05620726]
519	[15.05597077]
520	[15.05573503]
521	[15.05550004]
522	[15.0552658]
523	[15.0550323]
524	[15.05479955]
525	[15.05456754]
526	[15.05433627]
527	[15.05410573]
528	[15.05387593]
529	[15.05364686]
530	[15.05341852]
531	[15.05319091]
532	[15.05296402]
533	[15.05273785]
534	[15.05251241]
535	[15.05228768]
536	[15.05206367]
537	[15.05184037]
538	[15.05161778]
539	[15.0513959]
540	[15.05117473]
541	[15.05095426]
542	[15.0507345]
543	[15.05051543]
544	[15.05029707]
545	[15.05007939]
546	[15.04986241]
547	[15.04964612]
548	[15.04943052]
549	[15.04921561]
550	[15.04900138]
551	[15.04878784]
552	[15.04857497]
553	[15.04836278]
554	[15.04815127]
555	[15.04794043]
556	[15.04773026]
557	[15.04752076]
558	[15.04731193]
559	[15.04710376]
560	[15.04689626]
561	[15.04668942]
562	[15.04648323]
563	[15.04627771]
564	[15.04607283]
565	[15.04586861]
566	[15.04566504]
567	[15.04546212]
568	[15.04525985]
569	[15.04505821]
570	[15.04485722]
571	[15.04465688]
572	[15.04445716]
573	[15.04425809]
574	[15.04405965]
575	[15.04386184]
576	[15.04366466]
577	[15.04346811]
578	[15.04327218]
579	[15.04307688]
580	[15.0428822]
581	[15.04268814]
582	[15.0424947]
583	[15.04230187]
584	[15.04210966]
585	[15.04191806]
586	[15.04172707]
587	[15.04153669]
588	[15.04134691]
589	[15.04115774]
590	[15.04096918]
591	[15.04078121]
592	[15.04059384]
593	[15.04040707]
594	[15.04022089]
595	[15.0400353]
596	[15.03985031]
597	[15.0396659]
598	[15.03948209]
599	[15.03929885]
600	[15.03911621]
601	[15.03893414]
602	[15.03875265]
603	[15.03857174]
604	[15.03839141]
605	[15.03821165]
606	[15.03803246]
607	[15.03785385]
608	[15.0376758]
609	[15.03749832]
610	[15.03732141]
611	[15.03714505]
612	[15.03696927]
613	[15.03679404]
614	[15.03661936]
615	[15.03644525]
616	[15.03627169]
617	[15.03609868]
618	[15.03592622]
619	[15.03575431]
620	[15.03558295]
621	[15.03541214]
622	[15.03524186]
623	[15.03507213]
624	[15.03490295]
625	[15.0347343]
626	[15.03456618]
627	[15.03439861]
628	[15.03423156]
629	[15.03406505]
630	[15.03389907]
631	[15.03373362]
632	[15.03356869]
633	[15.03340429]
634	[15.03324041]
635	[15.03307706]
636	[15.03291422]
637	[15.0327519]
638	[15.0325901]
639	[15.03242882]
640	[15.03226805]
641	[15.03210779]
642	[15.03194804]
643	[15.0317888]
644	[15.03163007]
645	[15.03147184]
646	[15.03131412]
647	[15.0311569]
648	[15.03100018]
649	[15.03084396]
650	[15.03068823]
651	[15.030533]
652	[15.03037827]
653	[15.03022403]
654	[15.03007028]
655	[15.02991702]
656	[15.02976425]
657	[15.02961196]
658	[15.02946016]
659	[15.02930884]
660	[15.02915801]
661	[15.02900765]
662	[15.02885778]
663	[15.02870838]
664	[15.02855946]
665	[15.02841101]
666	[15.02826303]
667	[15.02811553]
668	[15.02796849]
669	[15.02782192]
670	[15.02767582]
671	[15.02753019]
672	[15.02738502]
673	[15.02724031]
674	[15.02709606]
675	[15.02695227]
676	[15.02680894]
677	[15.02666607]
678	[15.02652365]
679	[15.02638168]
680	[15.02624017]
681	[15.02609911]
682	[15.02595849]
683	[15.02581833]
684	[15.02567861]
685	[15.02553933]
686	[15.0254005]
687	[15.02526211]
688	[15.02512416]
689	[15.02498665]
690	[15.02484958]
691	[15.02471295]
692	[15.02457675]
693	[15.02444098]
694	[15.02430565]
695	[15.02417075]
696	[15.02403627]
697	[15.02390223]
698	[15.02376861]
699	[15.02363542]
700	[15.02350265]
701	[15.02337031]
702	[15.02323838]
703	[15.02310688]
704	[15.02297579]
705	[15.02284512]
706	[15.02271487]
707	[15.02258504]
708	[15.02245561]
709	[15.0223266]
710	[15.022198]
711	[15.02206981]
712	[15.02194203]
713	[15.02181465]
714	[15.02168768]
715	[15.02156112]
716	[15.02143496]
717	[15.02130919]
718	[15.02118383]
719	[15.02105887]
720	[15.02093431]
721	[15.02081014]
722	[15.02068637]
723	[15.020563]
724	[15.02044001]
725	[15.02031742]
726	[15.02019522]
727	[15.02007341]
728	[15.01995198]
729	[15.01983094]
730	[15.01971029]
731	[15.01959002]
732	[15.01947014]
733	[15.01935063]
734	[15.01923151]
735	[15.01911276]
736	[15.0189944]
737	[15.01887641]
738	[15.0187588]
739	[15.01864156]
740	[15.01852469]
741	[15.0184082]
742	[15.01829208]
743	[15.01817633]
744	[15.01806094]
745	[15.01794593]
746	[15.01783128]
747	[15.01771699]
748	[15.01760307]
749	[15.01748951]
750	[15.01737632]
751	[15.01726348]
752	[15.017151]
753	[15.01703889]
754	[15.01692712]
755	[15.01681572]
756	[15.01670467]
757	[15.01659397]
758	[15.01648363]
759	[15.01637363]
760	[15.01626399]
761	[15.0161547]
762	[15.01604575]
763	[15.01593715]
764	[15.0158289]
765	[15.01572099]
766	[15.01561343]
767	[15.0155062]
768	[15.01539932]
769	[15.01529278]
770	[15.01518658]
771	[15.01508072]
772	[15.0149752]
773	[15.01487001]
774	[15.01476515]
775	[15.01466063]
776	[15.01455644]
777	[15.01445259]
778	[15.01434906]
779	[15.01424587]
780	[15.014143]
781	[15.01404046]
782	[15.01393825]
783	[15.01383636]
784	[15.0137348]
785	[15.01363356]
786	[15.01353264]
787	[15.01343204]
788	[15.01333177]
789	[15.01323181]
790	[15.01313218]
791	[15.01303285]
792	[15.01293385]
793	[15.01283516]
794	[15.01273679]
795	[15.01263873]
796	[15.01254098]
797	[15.01244354]
798	[15.01234641]
799	[15.01224959]
800	[15.01215308]
801	[15.01205688]
802	[15.01196099]
803	[15.01186539]
804	[15.01177011]
805	[15.01167513]
806	[15.01158045]
807	[15.01148607]
808	[15.01139199]
809	[15.01129821]
810	[15.01120473]
811	[15.01111155]
812	[15.01101866]
813	[15.01092607]
814	[15.01083378]
815	[15.01074178]
816	[15.01065007]
817	[15.01055865]
818	[15.01046753]
819	[15.01037669]
820	[15.01028615]
821	[15.01019589]
822	[15.01010592]
823	[15.01001624]
824	[15.00992684]
825	[15.00983772]
826	[15.0097489]
827	[15.00966035]
828	[15.00957209]
829	[15.0094841]
830	[15.0093964]
831	[15.00930898]
832	[15.00922183]
833	[15.00913496]
834	[15.00904837]
835	[15.00896206]
836	[15.00887601]
837	[15.00879025]
838	[15.00870475]
839	[15.00861953]
840	[15.00853458]
841	[15.0084499]
842	[15.00836549]
843	[15.00828135]
844	[15.00819748]
845	[15.00811388]
846	[15.00803054]
847	[15.00794746]
848	[15.00786465]
849	[15.00778211]
850	[15.00769982]
851	[15.0076178]
852	[15.00753604]
853	[15.00745454]
854	[15.0073733]
855	[15.00729232]
856	[15.0072116]
857	[15.00713113]
858	[15.00705092]
859	[15.00697097]
860	[15.00689127]
861	[15.00681182]
862	[15.00673263]
863	[15.00665369]
864	[15.006575]
865	[15.00649656]
866	[15.00641837]
867	[15.00634043]
868	[15.00626274]
869	[15.00618529]
870	[15.0061081]
871	[15.00603114]
872	[15.00595444]
873	[15.00587797]
874	[15.00580175]
875	[15.00572578]
876	[15.00565004]
877	[15.00557455]
878	[15.0054993]
879	[15.00542428]
880	[15.00534951]
881	[15.00527497]
882	[15.00520067]
883	[15.00512661]
884	[15.00505279]
885	[15.00497919]
886	[15.00490584]
887	[15.00483271]
888	[15.00475982]
889	[15.00468716]
890	[15.00461474]
891	[15.00454254]
892	[15.00447057]
893	[15.00439884]
894	[15.00432733]
895	[15.00425605]
896	[15.00418499]
897	[15.00411416]
898	[15.00404356]
899	[15.00397318]
900	[15.00390303]
901	[15.0038331]
902	[15.00376339]
903	[15.00369391]
904	[15.00362464]
905	[15.0035556]
906	[15.00348678]
907	[15.00341817]
908	[15.00334979]
909	[15.00328162]
910	[15.00321367]
911	[15.00314593]
912	[15.00307841]
913	[15.00301111]
914	[15.00294402]
915	[15.00287714]
916	[15.00281048]
917	[15.00274403]
918	[15.00267779]
919	[15.00261176]
920	[15.00254594]
921	[15.00248034]
922	[15.00241494]
923	[15.00234975]
924	[15.00228476]
925	[15.00221999]
926	[15.00215542]
927	[15.00209105]
928	[15.00202689]
929	[15.00196294]
930	[15.00189918]
931	[15.00183563]
932	[15.00177229]
933	[15.00170914]
934	[15.0016462]
935	[15.00158346]
936	[15.00152091]
937	[15.00145857]
938	[15.00139642]
939	[15.00133448]
940	[15.00127273]
941	[15.00121117]
942	[15.00114981]
943	[15.00108865]
944	[15.00102768]
945	[15.00096691]
946	[15.00090633]
947	[15.00084594]
948	[15.00078575]
949	[15.00072575]
950	[15.00066593]
951	[15.00060631]
952	[15.00054688]
953	[15.00048764]
954	[15.00042859]
955	[15.00036972]
956	[15.00031104]
957	[15.00025255]
958	[15.00019425]
959	[15.00013613]
960	[15.00007819]
961	[15.00002044]
962	[14.99996288]
963	[14.99990549]
964	[14.99984829]
965	[14.99979128]
966	[14.99973444]
967	[14.99967779]
968	[14.99962131]
969	[14.99956502]
970	[14.9995089]
971	[14.99945296]
972	[14.99939721]
973	[14.99934162]
974	[14.99928622]
975	[14.99923099]
976	[14.99917594]
977	[14.99912106]
978	[14.99906636]
979	[14.99901183]
980	[14.99895748]
981	[14.9989033]
982	[14.99884929]
983	[14.99879546]
984	[14.99874179]
985	[14.9986883]
986	[14.99863497]
987	[14.99858182]
988	[14.99852883]
989	[14.99847602]
990	[14.99842337]
991	[14.99837089]
992	[14.99831858]
993	[14.99826643]
994	[14.99821445]
995	[14.99816264]
996	[14.99811099]
997	[14.9980595]
998	[14.99800818]
999	[14.99795702]
1000	[14.99790603]
1001	[14.9978552]
1002	[14.99780453]
1003	[14.99775402]
1004	[14.99770367]
1005	[14.99765348]
1006	[14.99760345]
1007	[14.99755358]
1008	[14.99750387]
1009	[14.99745432]
1010	[14.99740493]
1011	[14.99735569]
1012	[14.99730661]
1013	[14.99725769]
1014	[14.99720892]
1015	[14.99716031]
1016	[14.99711185]
1017	[14.99706355]
1018	[14.9970154]
1019	[14.9969674]
1020	[14.99691956]
1021	[14.99687187]
1022	[14.99682433]
1023	[14.99677694]
1024	[14.9967297]
1025	[14.99668262]
1026	[14.99663568]
1027	[14.99658889]
1028	[14.99654225]
1029	[14.99649576]
1030	[14.99644942]
1031	[14.99640323]
1032	[14.99635718]
1033	[14.99631128]
1034	[14.99626553]
1035	[14.99621992]
1036	[14.99617446]
1037	[14.99612914]
1038	[14.99608396]
1039	[14.99603893]
1040	[14.99599405]
1041	[14.9959493]
1042	[14.9959047]
1043	[14.99586024]
1044	[14.99581593]
1045	[14.99577175]
1046	[14.99572771]
1047	[14.99568382]
1048	[14.99564006]
1049	[14.99559645]
1050	[14.99555297]
1051	[14.99550963]
1052	[14.99546643]
1053	[14.99542336]
1054	[14.99538044]
1055	[14.99533765]
1056	[14.995295]
1057	[14.99525248]
1058	[14.9952101]
1059	[14.99516785]
1060	[14.99512574]
1061	[14.99508376]
1062	[14.99504191]
1063	[14.9950002]
1064	[14.99495862]
1065	[14.99491718]
1066	[14.99487586]
1067	[14.99483468]
1068	[14.99479363]
1069	[14.99475271]
1070	[14.99471191]
1071	[14.99467125]
1072	[14.99463072]
1073	[14.99459032]
1074	[14.99455005]
1075	[14.9945099]
1076	[14.99446988]
1077	[14.99442999]
1078	[14.99439023]
1079	[14.9943506]
1080	[14.99431109]
1081	[14.9942717]
1082	[14.99423244]
1083	[14.99419331]
1084	[14.9941543]
1085	[14.99411541]
1086	[14.99407665]
1087	[14.99403801]
1088	[14.9939995]
1089	[14.99396111]
1090	[14.99392284]
1091	[14.99388469]
1092	[14.99384666]
1093	[14.99380876]
1094	[14.99377097]
1095	[14.99373331]
1096	[14.99369577]
1097	[14.99365834]
1098	[14.99362104]
1099	[14.99358385]
1100	[14.99354678]
1101	[14.99350983]
1102	[14.993473]
1103	[14.99343628]
1104	[14.99339968]
1105	[14.9933632]
1106	[14.99332684]
1107	[14.99329059]
1108	[14.99325445]
1109	[14.99321843]
1110	[14.99318253]
1111	[14.99314674]
1112	[14.99311106]
1113	[14.9930755]
1114	[14.99304005]
1115	[14.99300471]
1116	[14.99296949]
1117	[14.99293437]
1118	[14.99289937]
1119	[14.99286449]
1120	[14.99282971]
1121	[14.99279504]
1122	[14.99276049]
1123	[14.99272604]
1124	[14.9926917]
1125	[14.99265747]
1126	[14.99262336]
1127	[14.99258935]
1128	[14.99255545]
1129	[14.99252165]
1130	[14.99248797]
1131	[14.99245439]
1132	[14.99242092]
1133	[14.99238755]
1134	[14.99235429]
1135	[14.99232114]
1136	[14.99228809]
1137	[14.99225515]
1138	[14.99222231]
1139	[14.99218958]
1140	[14.99215695]
1141	[14.99212443]
1142	[14.99209201]
1143	[14.99205969]
1144	[14.99202747]
1145	[14.99199536]
1146	[14.99196335]
1147	[14.99193144]
1148	[14.99189964]
1149	[14.99186793]
1150	[14.99183633]
1151	[14.99180483]
1152	[14.99177342]
1153	[14.99174212]
1154	[14.99171092]
1155	[14.99167981]
1156	[14.99164881]
1157	[14.9916179]
1158	[14.99158709]
1159	[14.99155638]
1160	[14.99152577]
1161	[14.99149526]
1162	[14.99146484]
1163	[14.99143452]
1164	[14.9914043]
1165	[14.99137417]
1166	[14.99134414]
1167	[14.9913142]
1168	[14.99128436]
1169	[14.99125461]
1170	[14.99122496]
1171	[14.99119541]
1172	[14.99116594]
1173	[14.99113658]
1174	[14.9911073]
1175	[14.99107812]
1176	[14.99104903]
1177	[14.99102003]
1178	[14.99099113]
1179	[14.99096232]
1180	[14.9909336]
1181	[14.99090497]
1182	[14.99087643]
1183	[14.99084799]
1184	[14.99081963]
1185	[14.99079136]
1186	[14.99076319]
1187	[14.9907351]
1188	[14.99070711]
1189	[14.9906792]
1190	[14.99065138]
1191	[14.99062365]
1192	[14.99059601]
1193	[14.99056846]
1194	[14.99054099]
1195	[14.99051361]
1196	[14.99048632]
1197	[14.99045912]
1198	[14.990432]
1199	[14.99040497]
1200	[14.99037802]
1201	[14.99035116]
1202	[14.99032439]
1203	[14.9902977]
1204	[14.9902711]
1205	[14.99024458]
1206	[14.99021814]
1207	[14.99019179]
1208	[14.99016553]
1209	[14.99013934]
1210	[14.99011324]
1211	[14.99008723]
1212	[14.99006129]
1213	[14.99003544]
1214	[14.99000968]
1215	[14.98998399]
1216	[14.98995838]
1217	[14.98993286]
1218	[14.98990742]
1219	[14.98988206]
1220	[14.98985678]
1221	[14.98983158]
1222	[14.98980646]
1223	[14.98978142]
1224	[14.98975646]
1225	[14.98973158]
1226	[14.98970678]
1227	[14.98968206]
1228	[14.98965742]
1229	[14.98963285]
1230	[14.98960836]
1231	[14.98958396]
1232	[14.98955963]
1233	[14.98953537]
1234	[14.9895112]
1235	[14.9894871]
1236	[14.98946308]
1237	[14.98943913]
1238	[14.98941526]
1239	[14.98939147]
1240	[14.98936775]
1241	[14.98934411]
1242	[14.98932054]
1243	[14.98929705]
1244	[14.98927363]
1245	[14.98925029]
1246	[14.98922702]
1247	[14.98920383]
1248	[14.98918071]
1249	[14.98915766]
1250	[14.98913469]
1251	[14.98911179]
1252	[14.98908896]
1253	[14.98906621]
1254	[14.98904352]
1255	[14.98902091]
1256	[14.98899838]
1257	[14.98897591]
1258	[14.98895352]
1259	[14.98893119]
1260	[14.98890894]
1261	[14.98888676]
1262	[14.98886465]
1263	[14.98884261]
1264	[14.98882064]
1265	[14.98879874]
1266	[14.98877691]
1267	[14.98875515]
1268	[14.98873346]
1269	[14.98871184]
1270	[14.98869028]
1271	[14.9886688]
1272	[14.98864738]
1273	[14.98862603]
1274	[14.98860475]
1275	[14.98858354]
1276	[14.9885624]
1277	[14.98854132]
1278	[14.98852031]
1279	[14.98849936]
1280	[14.98847849]
1281	[14.98845768]
1282	[14.98843693]
1283	[14.98841626]
1284	[14.98839564]
1285	[14.9883751]
1286	[14.98835462]
1287	[14.9883342]
1288	[14.98831385]
1289	[14.98829356]
1290	[14.98827334]
1291	[14.98825318]
1292	[14.98823309]
1293	[14.98821306]
1294	[14.9881931]
1295	[14.9881732]
1296	[14.98815336]
1297	[14.98813358]
1298	[14.98811387]
1299	[14.98809422]
1300	[14.98807464]
1301	[14.98805511]
1302	[14.98803565]
1303	[14.98801625]
1304	[14.98799691]
1305	[14.98797763]
1306	[14.98795842]
1307	[14.98793927]
1308	[14.98792017]
1309	[14.98790114]
1310	[14.98788217]
1311	[14.98786326]
1312	[14.98784441]
1313	[14.98782561]
1314	[14.98780688]
1315	[14.98778821]
1316	[14.9877696]
1317	[14.98775105]
1318	[14.98773255]
1319	[14.98771412]
1320	[14.98769574]
1321	[14.98767742]
1322	[14.98765917]
1323	[14.98764096]
1324	[14.98762282]
1325	[14.98760474]
1326	[14.98758671]
1327	[14.98756874]
1328	[14.98755082]
1329	[14.98753297]
1330	[14.98751517]
1331	[14.98749743]
1332	[14.98747974]
1333	[14.98746211]
1334	[14.98744454]
1335	[14.98742702]
1336	[14.98740956]
1337	[14.98739215]
1338	[14.9873748]
1339	[14.9873575]
1340	[14.98734026]
1341	[14.98732308]
1342	[14.98730595]
1343	[14.98728887]
1344	[14.98727185]
1345	[14.98725488]
1346	[14.98723797]
1347	[14.98722111]
1348	[14.9872043]
1349	[14.98718755]
1350	[14.98717085]
1351	[14.9871542]
1352	[14.98713761]
1353	[14.98712107]
1354	[14.98710458]
1355	[14.98708815]
1356	[14.98707177]
1357	[14.98705543]
1358	[14.98703916]
1359	[14.98702293]
1360	[14.98700675]
1361	[14.98699063]
1362	[14.98697456]
1363	[14.98695854]
1364	[14.98694257]
1365	[14.98692665]
1366	[14.98691078]
1367	[14.98689496]
1368	[14.9868792]
1369	[14.98686348]
1370	[14.98684781]
1371	[14.98683219]
1372	[14.98681663]
1373	[14.98680111]
1374	[14.98678564]
1375	[14.98677022]
1376	[14.98675485]
1377	[14.98673953]
1378	[14.98672426]
1379	[14.98670903]
1380	[14.98669386]
1381	[14.98667873]
1382	[14.98666365]
1383	[14.98664862]
1384	[14.98663364]
1385	[14.9866187]
1386	[14.98660381]
1387	[14.98658897]
1388	[14.98657418]
1389	[14.98655943]
1390	[14.98654473]
1391	[14.98653008]
1392	[14.98651548]
1393	[14.98650092]
1394	[14.9864864]
1395	[14.98647194]
1396	[14.98645752]
1397	[14.98644314]
1398	[14.98642881]
1399	[14.98641453]
1400	[14.98640029]
1401	[14.9863861]
1402	[14.98637196]
1403	[14.98635785]
1404	[14.9863438]
1405	[14.98632978]
1406	[14.98631582]
1407	[14.98630189]
1408	[14.98628801]
1409	[14.98627418]
1410	[14.98626039]
1411	[14.98624664]
1412	[14.98623294]
1413	[14.98621928]
1414	[14.98620566]
1415	[14.98619209]
1416	[14.98617856]
1417	[14.98616508]
1418	[14.98615163]
1419	[14.98613823]
1420	[14.98612487]
1421	[14.98611156]
1422	[14.98609829]
1423	[14.98608506]
1424	[14.98607187]
1425	[14.98605872]
1426	[14.98604562]
1427	[14.98603255]
1428	[14.98601953]
1429	[14.98600655]
1430	[14.98599362]
1431	[14.98598072]
1432	[14.98596786]
1433	[14.98595505]
1434	[14.98594227]
1435	[14.98592954]
1436	[14.98591685]
1437	[14.98590419]
1438	[14.98589158]
1439	[14.98587901]
1440	[14.98586648]
1441	[14.98585398]
1442	[14.98584153]
1443	[14.98582912]
1444	[14.98581675]
1445	[14.98580441]
1446	[14.98579212]
1447	[14.98577986]
1448	[14.98576764]
1449	[14.98575547]
1450	[14.98574333]
1451	[14.98573123]
1452	[14.98571917]
1453	[14.98570714]
1454	[14.98569516]
1455	[14.98568321]
1456	[14.9856713]
1457	[14.98565943]
1458	[14.9856476]
1459	[14.9856358]
1460	[14.98562405]
1461	[14.98561233]
1462	[14.98560064]
1463	[14.985589]
1464	[14.98557739]
1465	[14.98556582]
1466	[14.98555428]
1467	[14.98554278]
1468	[14.98553132]
1469	[14.9855199]
1470	[14.98550851]
1471	[14.98549716]
1472	[14.98548584]
1473	[14.98547456]
1474	[14.98546332]
1475	[14.98545211]
1476	[14.98544094]
1477	[14.9854298]
1478	[14.9854187]
1479	[14.98540763]
1480	[14.9853966]
1481	[14.9853856]
1482	[14.98537464]
1483	[14.98536372]
1484	[14.98535282]
1485	[14.98534197]
1486	[14.98533115]
1487	[14.98532036]
1488	[14.98530961]
1489	[14.98529889]
1490	[14.9852882]
1491	[14.98527755]
1492	[14.98526693]
1493	[14.98525635]
1494	[14.9852458]
1495	[14.98523529]
1496	[14.9852248]
1497	[14.98521435]
1498	[14.98520394]
1499	[14.98519356]
1500	[14.98518321]
1501	[14.98517289]
1502	[14.98516261]
1503	[14.98515236]
1504	[14.98514214]
1505	[14.98513195]
1506	[14.9851218]
1507	[14.98511168]
1508	[14.98510159]
1509	[14.98509153]
1510	[14.98508151]
1511	[14.98507152]
1512	[14.98506156]
1513	[14.98505163]
1514	[14.98504173]
1515	[14.98503186]
1516	[14.98502203]
1517	[14.98501223]
1518	[14.98500245]
1519	[14.98499271]
1520	[14.984983]
1521	[14.98497332]
1522	[14.98496368]
1523	[14.98495406]
1524	[14.98494447]
1525	[14.98493492]
1526	[14.98492539]
1527	[14.9849159]
1528	[14.98490643]
1529	[14.984897]
1530	[14.98488759]
1531	[14.98487822]
1532	[14.98486887]
1533	[14.98485955]
1534	[14.98485027]
1535	[14.98484101]
1536	[14.98483179]
1537	[14.98482259]
1538	[14.98481342]
1539	[14.98480428]
1540	[14.98479517]
1541	[14.98478609]
1542	[14.98477704]
1543	[14.98476802]
1544	[14.98475902]
1545	[14.98475006]
1546	[14.98474112]
1547	[14.98473221]
1548	[14.98472333]
1549	[14.98471448]
1550	[14.98470566]
1551	[14.98469686]
1552	[14.98468809]
1553	[14.98467935]
1554	[14.98467064]
1555	[14.98466196]
1556	[14.9846533]
1557	[14.98464467]
1558	[14.98463607]
1559	[14.9846275]
1560	[14.98461895]
1561	[14.98461043]
1562	[14.98460194]
1563	[14.98459347]
1564	[14.98458503]
1565	[14.98457662]
1566	[14.98456824]
1567	[14.98455988]
1568	[14.98455155]
1569	[14.98454324]
1570	[14.98453496]
1571	[14.98452671]
1572	[14.98451849]
1573	[14.98451029]
1574	[14.98450211]
1575	[14.98449397]
1576	[14.98448584]
1577	[14.98447775]
1578	[14.98446968]
1579	[14.98446164]
1580	[14.98445362]
1581	[14.98444562]
1582	[14.98443766]
1583	[14.98442971]
1584	[14.9844218]
1585	[14.98441391]
1586	[14.98440604]
1587	[14.9843982]
1588	[14.98439038]
1589	[14.98438259]
1590	[14.98437482]
1591	[14.98436708]
1592	[14.98435936]
1593	[14.98435167]
1594	[14.984344]
1595	[14.98433636]
1596	[14.98432874]
1597	[14.98432114]
1598	[14.98431357]
1599	[14.98430602]
1600	[14.9842985]
1601	[14.984291]
1602	[14.98428353]
1603	[14.98427608]
1604	[14.98426865]
1605	[14.98426124]
1606	[14.98425386]
1607	[14.98424651]
1608	[14.98423917]
1609	[14.98423186]
1610	[14.98422458]
1611	[14.98421731]
1612	[14.98421007]
1613	[14.98420286]
1614	[14.98419566]
1615	[14.98418849]
1616	[14.98418134]
1617	[14.98417421]
1618	[14.98416711]
1619	[14.98416003]
1620	[14.98415297]
1621	[14.98414594]
1622	[14.98413892]
1623	[14.98413193]
1624	[14.98412496]
1625	[14.98411802]
1626	[14.98411109]
1627	[14.98410419]
1628	[14.98409731]
1629	[14.98409045]
1630	[14.98408362]
1631	[14.9840768]
1632	[14.98407001]
1633	[14.98406324]
1634	[14.98405649]
1635	[14.98404976]
1636	[14.98404305]
1637	[14.98403637]
1638	[14.9840297]
1639	[14.98402306]
1640	[14.98401644]
1641	[14.98400984]
1642	[14.98400326]
1643	[14.9839967]
1644	[14.98399016]
1645	[14.98398364]
1646	[14.98397715]
1647	[14.98397067]
1648	[14.98396422]
1649	[14.98395778]
1650	[14.98395137]
1651	[14.98394497]
1652	[14.9839386]
1653	[14.98393225]
1654	[14.98392591]
1655	[14.9839196]
1656	[14.98391331]
1657	[14.98390704]
1658	[14.98390078]
1659	[14.98389455]
1660	[14.98388834]
1661	[14.98388215]
1662	[14.98387597]
1663	[14.98386982]
1664	[14.98386369]
1665	[14.98385757]
1666	[14.98385148]
1667	[14.9838454]
1668	[14.98383935]
1669	[14.98383331]
1670	[14.98382729]
1671	[14.98382129]
1672	[14.98381531]
1673	[14.98380935]
1674	[14.98380341]
1675	[14.98379749]
1676	[14.98379159]
1677	[14.9837857]
1678	[14.98377983]
1679	[14.98377399]
1680	[14.98376816]
1681	[14.98376235]
1682	[14.98375656]
1683	[14.98375078]
1684	[14.98374503]
1685	[14.98373929]
1686	[14.98373357]
1687	[14.98372787]
1688	[14.98372219]
1689	[14.98371653]
1690	[14.98371088]
1691	[14.98370525]
1692	[14.98369964]
1693	[14.98369405]
1694	[14.98368848]
1695	[14.98368292]
1696	[14.98367738]
1697	[14.98367186]
1698	[14.98366636]
1699	[14.98366087]
1700	[14.9836554]
1701	[14.98364995]
1702	[14.98364452]
1703	[14.9836391]
1704	[14.9836337]
1705	[14.98362832]
1706	[14.98362296]
1707	[14.98361761]
1708	[14.98361228]
1709	[14.98360697]
1710	[14.98360167]
1711	[14.98359639]
1712	[14.98359113]
1713	[14.98358588]
1714	[14.98358065]
1715	[14.98357544]
1716	[14.98357024]
1717	[14.98356506]
1718	[14.9835599]
1719	[14.98355475]
1720	[14.98354962]
1721	[14.9835445]
1722	[14.98353941]
1723	[14.98353432]
1724	[14.98352926]
1725	[14.98352421]
1726	[14.98351918]
1727	[14.98351416]
1728	[14.98350916]
1729	[14.98350417]
1730	[14.9834992]
1731	[14.98349425]
1732	[14.98348931]
1733	[14.98348439]
1734	[14.98347948]
1735	[14.98347459]
1736	[14.98346972]
1737	[14.98346486]
1738	[14.98346001]
1739	[14.98345518]
1740	[14.98345037]
1741	[14.98344557]
1742	[14.98344079]
1743	[14.98343602]
1744	[14.98343127]
1745	[14.98342653]
1746	[14.98342181]
1747	[14.9834171]
1748	[14.98341241]
1749	[14.98340773]
1750	[14.98340307]
1751	[14.98339842]
1752	[14.98339379]
1753	[14.98338917]
1754	[14.98338457]
1755	[14.98337998]
1756	[14.98337541]
1757	[14.98337085]
1758	[14.9833663]
1759	[14.98336177]
1760	[14.98335726]
1761	[14.98335275]
1762	[14.98334827]
1763	[14.98334379]
1764	[14.98333934]
1765	[14.98333489]
1766	[14.98333046]
1767	[14.98332604]
1768	[14.98332164]
1769	[14.98331725]
1770	[14.98331288]
1771	[14.98330852]
1772	[14.98330417]
1773	[14.98329984]
1774	[14.98329552]
1775	[14.98329122]
1776	[14.98328692]
1777	[14.98328265]
1778	[14.98327838]
1779	[14.98327413]
1780	[14.9832699]
1781	[14.98326567]
1782	[14.98326146]
1783	[14.98325727]
1784	[14.98325308]
1785	[14.98324891]
1786	[14.98324476]
1787	[14.98324061]
1788	[14.98323648]
1789	[14.98323237]
1790	[14.98322826]
1791	[14.98322417]
1792	[14.98322009]
1793	[14.98321603]
1794	[14.98321198]
1795	[14.98320794]
1796	[14.98320391]
1797	[14.9831999]
1798	[14.9831959]
1799	[14.98319191]
1800	[14.98318793]
1801	[14.98318397]
1802	[14.98318002]
1803	[14.98317608]
1804	[14.98317216]
1805	[14.98316825]
1806	[14.98316435]
1807	[14.98316046]
1808	[14.98315659]
1809	[14.98315272]
1810	[14.98314887]
1811	[14.98314504]
1812	[14.98314121]
1813	[14.9831374]
1814	[14.98313359]
1815	[14.9831298]
1816	[14.98312603]
1817	[14.98312226]
1818	[14.98311851]
1819	[14.98311477]
1820	[14.98311104]
1821	[14.98310732]
1822	[14.98310361]
1823	[14.98309992]
1824	[14.98309624]
1825	[14.98309257]
1826	[14.98308891]
1827	[14.98308526]
1828	[14.98308163]
1829	[14.983078]
1830	[14.98307439]
1831	[14.98307079]
1832	[14.9830672]
1833	[14.98306362]
1834	[14.98306006]
1835	[14.9830565]
1836	[14.98305296]
1837	[14.98304942]
1838	[14.9830459]
1839	[14.98304239]
1840	[14.98303889]
1841	[14.98303541]
1842	[14.98303193]
1843	[14.98302846]
1844	[14.98302501]
1845	[14.98302157]
1846	[14.98301813]
1847	[14.98301471]
1848	[14.9830113]
1849	[14.9830079]
1850	[14.98300451]
1851	[14.98300113]
1852	[14.98299777]
1853	[14.98299441]
1854	[14.98299106]
1855	[14.98298773]
1856	[14.9829844]
1857	[14.98298109]
1858	[14.98297778]
1859	[14.98297449]
1860	[14.98297121]
1861	[14.98296794]
1862	[14.98296467]
1863	[14.98296142]
1864	[14.98295818]
1865	[14.98295495]
1866	[14.98295173]
1867	[14.98294852]
1868	[14.98294532]
1869	[14.98294213]
1870	[14.98293895]
1871	[14.98293578]
1872	[14.98293262]
1873	[14.98292947]
1874	[14.98292633]
1875	[14.9829232]
1876	[14.98292008]
1877	[14.98291698]
1878	[14.98291388]
1879	[14.98291079]
1880	[14.98290771]
1881	[14.98290464]
1882	[14.98290158]
1883	[14.98289853]
1884	[14.98289548]
1885	[14.98289245]
1886	[14.98288943]
1887	[14.98288642]
1888	[14.98288342]
1889	[14.98288043]
1890	[14.98287744]
1891	[14.98287447]
1892	[14.9828715]
1893	[14.98286855]
1894	[14.9828656]
1895	[14.98286267]
1896	[14.98285974]
1897	[14.98285682]
1898	[14.98285392]
1899	[14.98285102]
1900	[14.98284813]
1901	[14.98284525]
1902	[14.98284238]
1903	[14.98283951]
1904	[14.98283666]
1905	[14.98283382]
1906	[14.98283098]
1907	[14.98282816]
1908	[14.98282534]
1909	[14.98282253]
1910	[14.98281973]
1911	[14.98281694]
1912	[14.98281416]
1913	[14.98281139]
1914	[14.98280863]
1915	[14.98280587]
1916	[14.98280313]
1917	[14.98280039]
1918	[14.98279766]
1919	[14.98279494]
1920	[14.98279223]
1921	[14.98278953]
1922	[14.98278684]
1923	[14.98278415]
1924	[14.98278147]
1925	[14.98277881]
1926	[14.98277615]
1927	[14.9827735]
1928	[14.98277085]
1929	[14.98276822]
1930	[14.98276559]
1931	[14.98276298]
1932	[14.98276037]
1933	[14.98275777]
1934	[14.98275517]
1935	[14.98275259]
1936	[14.98275001]
1937	[14.98274744]
1938	[14.98274488]
1939	[14.98274233]
1940	[14.98273979]
1941	[14.98273725]
1942	[14.98273473]
1943	[14.98273221]
1944	[14.9827297]
1945	[14.98272719]
1946	[14.9827247]
1947	[14.98272221]
1948	[14.98271973]
1949	[14.98271726]
1950	[14.9827148]
1951	[14.98271234]
1952	[14.98270989]
1953	[14.98270745]
1954	[14.98270502]
1955	[14.9827026]
1956	[14.98270018]
1957	[14.98269777]
1958	[14.98269537]
1959	[14.98269298]
1960	[14.98269059]
1961	[14.98268821]
1962	[14.98268584]
1963	[14.98268348]
1964	[14.98268112]
1965	[14.98267877]
1966	[14.98267643]
1967	[14.9826741]
1968	[14.98267177]
1969	[14.98266945]
1970	[14.98266714]
1971	[14.98266484]
1972	[14.98266254]
1973	[14.98266025]
1974	[14.98265797]
1975	[14.98265569]
1976	[14.98265343]
1977	[14.98265117]
1978	[14.98264891]
1979	[14.98264667]
1980	[14.98264443]
1981	[14.9826422]
1982	[14.98263997]
1983	[14.98263776]
1984	[14.98263554]
1985	[14.98263334]
1986	[14.98263115]
1987	[14.98262896]
1988	[14.98262677]
1989	[14.9826246]
1990	[14.98262243]
1991	[14.98262027]
1992	[14.98261811]
1993	[14.98261597]
1994	[14.98261382]
1995	[14.98261169]
1996	[14.98260956]
1997	[14.98260744]
1998	[14.98260533]
1999	[14.98260322]
2000	[14.98260112]
2001	[14.98259903]
2002	[14.98259694]
2003	[14.98259486]
2004	[14.98259279]
2005	[14.98259072]
2006	[14.98258866]
2007	[14.9825866]
2008	[14.98258456]
2009	[14.98258252]
2010	[14.98258048]
2011	[14.98257845]
2012	[14.98257643]
2013	[14.98257442]
2014	[14.98257241]
2015	[14.98257041]
2016	[14.98256841]
2017	[14.98256642]
2018	[14.98256444]
2019	[14.98256246]
2020	[14.98256049]
2021	[14.98255853]
2022	[14.98255657]
2023	[14.98255462]
2024	[14.98255267]
2025	[14.98255073]
2026	[14.9825488]
2027	[14.98254687]
2028	[14.98254495]
2029	[14.98254303]
2030	[14.98254113]
2031	[14.98253922]
2032	[14.98253733]
2033	[14.98253544]
2034	[14.98253355]
2035	[14.98253167]
2036	[14.9825298]
2037	[14.98252793]
2038	[14.98252607]
2039	[14.98252422]
2040	[14.98252237]
2041	[14.98252053]
2042	[14.98251869]
2043	[14.98251686]
2044	[14.98251503]
2045	[14.98251321]
2046	[14.9825114]
2047	[14.98250959]
2048	[14.98250779]
2049	[14.98250599]
2050	[14.9825042]
2051	[14.98250242]
2052	[14.98250064]
2053	[14.98249886]
2054	[14.9824971]
2055	[14.98249533]
2056	[14.98249358]
2057	[14.98249183]
2058	[14.98249008]
2059	[14.98248834]
2060	[14.98248661]
2061	[14.98248488]
2062	[14.98248315]
2063	[14.98248143]
2064	[14.98247972]
2065	[14.98247802]
2066	[14.98247631]
2067	[14.98247462]
2068	[14.98247293]
2069	[14.98247124]
2070	[14.98246956]
2071	[14.98246789]
2072	[14.98246622]
2073	[14.98246455]
2074	[14.98246289]
2075	[14.98246124]
2076	[14.98245959]
2077	[14.98245795]
2078	[14.98245631]
2079	[14.98245468]
2080	[14.98245305]
2081	[14.98245143]
2082	[14.98244981]
2083	[14.9824482]
2084	[14.98244659]
2085	[14.98244499]
2086	[14.9824434]
2087	[14.9824418]
2088	[14.98244022]
2089	[14.98243864]
2090	[14.98243706]
2091	[14.98243549]
2092	[14.98243392]
2093	[14.98243236]
2094	[14.98243081]
2095	[14.98242925]
2096	[14.98242771]
2097	[14.98242617]
2098	[14.98242463]
2099	[14.9824231]
2100	[14.98242157]
2101	[14.98242005]
2102	[14.98241853]
2103	[14.98241702]
2104	[14.98241551]
2105	[14.98241401]
2106	[14.98241251]
2107	[14.98241102]
2108	[14.98240953]
2109	[14.98240805]
2110	[14.98240657]
2111	[14.98240509]
2112	[14.98240362]
2113	[14.98240216]
2114	[14.9824007]
2115	[14.98239924]
2116	[14.98239779]
2117	[14.98239635]
2118	[14.98239491]
2119	[14.98239347]
2120	[14.98239204]
2121	[14.98239061]
2122	[14.98238918]
2123	[14.98238777]
2124	[14.98238635]
2125	[14.98238494]
2126	[14.98238354]
2127	[14.98238214]
2128	[14.98238074]
2129	[14.98237935]
2130	[14.98237796]
2131	[14.98237658]
2132	[14.9823752]
2133	[14.98237382]
2134	[14.98237245]
2135	[14.98237109]
2136	[14.98236973]
2137	[14.98236837]
2138	[14.98236702]
2139	[14.98236567]
2140	[14.98236433]
2141	[14.98236299]
2142	[14.98236165]
2143	[14.98236032]
2144	[14.98235899]
2145	[14.98235767]
2146	[14.98235635]
2147	[14.98235504]
2148	[14.98235373]
2149	[14.98235242]
2150	[14.98235112]
2151	[14.98234982]
2152	[14.98234853]
2153	[14.98234724]
2154	[14.98234595]
2155	[14.98234467]
2156	[14.9823434]
2157	[14.98234212]
2158	[14.98234085]
2159	[14.98233959]
2160	[14.98233833]
2161	[14.98233707]
2162	[14.98233582]
2163	[14.98233457]
2164	[14.98233333]
2165	[14.98233208]
2166	[14.98233085]
2167	[14.98232961]
2168	[14.98232839]
2169	[14.98232716]
2170	[14.98232594]
2171	[14.98232472]
2172	[14.98232351]
2173	[14.9823223]
2174	[14.98232109]
2175	[14.98231989]
2176	[14.98231869]
2177	[14.9823175]
2178	[14.98231631]
2179	[14.98231512]
2180	[14.98231394]
2181	[14.98231276]
2182	[14.98231158]
2183	[14.98231041]
2184	[14.98230924]
2185	[14.98230808]
2186	[14.98230692]
2187	[14.98230576]
2188	[14.98230461]
2189	[14.98230346]
2190	[14.98230231]
2191	[14.98230117]
2192	[14.98230003]
2193	[14.9822989]
2194	[14.98229777]
2195	[14.98229664]
2196	[14.98229552]
2197	[14.98229439]
2198	[14.98229328]
2199	[14.98229216]
2200	[14.98229105]
2201	[14.98228995]
2202	[14.98228885]
2203	[14.98228775]
2204	[14.98228665]
2205	[14.98228556]
2206	[14.98228447]
2207	[14.98228338]
2208	[14.9822823]
2209	[14.98228122]
2210	[14.98228015]
2211	[14.98227908]
2212	[14.98227801]
2213	[14.98227694]
2214	[14.98227588]
2215	[14.98227483]
2216	[14.98227377]
2217	[14.98227272]
2218	[14.98227167]
2219	[14.98227063]
2220	[14.98226959]
2221	[14.98226855]
2222	[14.98226751]
2223	[14.98226648]
2224	[14.98226545]
2225	[14.98226443]
2226	[14.98226341]
2227	[14.98226239]
2228	[14.98226137]
2229	[14.98226036]
2230	[14.98225935]
2231	[14.98225835]
2232	[14.98225735]
2233	[14.98225635]
2234	[14.98225535]
2235	[14.98225436]
2236	[14.98225337]
2237	[14.98225238]
2238	[14.9822514]
2239	[14.98225042]
2240	[14.98224944]
2241	[14.98224847]
2242	[14.9822475]
2243	[14.98224653]
2244	[14.98224557]
2245	[14.98224461]
2246	[14.98224365]
2247	[14.98224269]
2248	[14.98224174]
2249	[14.98224079]
2250	[14.98223984]
2251	[14.9822389]
2252	[14.98223796]
2253	[14.98223702]
2254	[14.98223609]
2255	[14.98223516]
2256	[14.98223423]
2257	[14.9822333]
2258	[14.98223238]
2259	[14.98223146]
2260	[14.98223055]
2261	[14.98222963]
2262	[14.98222872]
2263	[14.98222781]
2264	[14.98222691]
2265	[14.98222601]
2266	[14.98222511]
2267	[14.98222421]
2268	[14.98222332]
2269	[14.98222243]
2270	[14.98222154]
2271	[14.98222065]
2272	[14.98221977]
2273	[14.98221889]
2274	[14.98221802]
2275	[14.98221714]
2276	[14.98221627]
2277	[14.9822154]
2278	[14.98221454]
2279	[14.98221368]
2280	[14.98221282]
2281	[14.98221196]
2282	[14.9822111]
2283	[14.98221025]
2284	[14.9822094]
2285	[14.98220856]
2286	[14.98220771]
2287	[14.98220687]
2288	[14.98220603]
2289	[14.9822052]
2290	[14.98220437]
2291	[14.98220354]
2292	[14.98220271]
2293	[14.98220188]
2294	[14.98220106]
2295	[14.98220024]
2296	[14.98219942]
2297	[14.98219861]
2298	[14.9821978]
2299	[14.98219699]
2300	[14.98219618]
2301	[14.98219538]
2302	[14.98219458]
2303	[14.98219378]
2304	[14.98219298]
2305	[14.98219219]
2306	[14.9821914]
2307	[14.98219061]
2308	[14.98218982]
2309	[14.98218904]
2310	[14.98218825]
2311	[14.98218748]
2312	[14.9821867]
2313	[14.98218593]
2314	[14.98218515]
2315	[14.98218438]
2316	[14.98218362]
2317	[14.98218285]
2318	[14.98218209]
2319	[14.98218133]
2320	[14.98218058]
2321	[14.98217982]
2322	[14.98217907]
2323	[14.98217832]
2324	[14.98217757]
2325	[14.98217683]
2326	[14.98217609]
2327	[14.98217535]
2328	[14.98217461]
2329	[14.98217387]
2330	[14.98217314]
2331	[14.98217241]
2332	[14.98217168]
2333	[14.98217095]
2334	[14.98217023]
2335	[14.98216951]
2336	[14.98216879]
2337	[14.98216807]
2338	[14.98216736]
2339	[14.98216664]
2340	[14.98216593]
2341	[14.98216523]
2342	[14.98216452]
2343	[14.98216382]
2344	[14.98216312]
2345	[14.98216242]
2346	[14.98216172]
2347	[14.98216103]
2348	[14.98216033]
2349	[14.98215964]
2350	[14.98215896]
2351	[14.98215827]
2352	[14.98215759]
2353	[14.98215691]
2354	[14.98215623]
2355	[14.98215555]
2356	[14.98215488]
2357	[14.9821542]
2358	[14.98215353]
2359	[14.98215286]
2360	[14.9821522]
2361	[14.98215153]
2362	[14.98215087]
2363	[14.98215021]
2364	[14.98214955]
2365	[14.9821489]
2366	[14.98214824]
2367	[14.98214759]
2368	[14.98214694]
2369	[14.9821463]
2370	[14.98214565]
2371	[14.98214501]
2372	[14.98214437]
2373	[14.98214373]
2374	[14.98214309]
2375	[14.98214246]
2376	[14.98214182]
2377	[14.98214119]
2378	[14.98214056]
2379	[14.98213994]
2380	[14.98213931]
2381	[14.98213869]
2382	[14.98213807]
2383	[14.98213745]
2384	[14.98213683]
2385	[14.98213621]
2386	[14.9821356]
2387	[14.98213499]
2388	[14.98213438]
2389	[14.98213377]
2390	[14.98213317]
2391	[14.98213256]
2392	[14.98213196]
2393	[14.98213136]
2394	[14.98213077]
2395	[14.98213017]
2396	[14.98212958]
2397	[14.98212898]
2398	[14.98212839]
2399	[14.98212781]
2400	[14.98212722]
2401	[14.98212663]
2402	[14.98212605]
2403	[14.98212547]
2404	[14.98212489]
2405	[14.98212431]
2406	[14.98212374]
2407	[14.98212317]
2408	[14.98212259]
2409	[14.98212202]
2410	[14.98212146]
2411	[14.98212089]
2412	[14.98212033]
2413	[14.98211976]
2414	[14.9821192]
2415	[14.98211864]
2416	[14.98211809]
2417	[14.98211753]
2418	[14.98211698]
2419	[14.98211642]
2420	[14.98211587]
2421	[14.98211533]
2422	[14.98211478]
2423	[14.98211423]
2424	[14.98211369]
2425	[14.98211315]
2426	[14.98211261]
2427	[14.98211207]
2428	[14.98211154]
2429	[14.982111]
2430	[14.98211047]
2431	[14.98210994]
2432	[14.98210941]
2433	[14.98210888]
2434	[14.98210835]
2435	[14.98210783]
2436	[14.98210731]
2437	[14.98210679]
2438	[14.98210627]
2439	[14.98210575]
2440	[14.98210523]
2441	[14.98210472]
2442	[14.9821042]
2443	[14.98210369]
2444	[14.98210318]
2445	[14.98210268]
2446	[14.98210217]
2447	[14.98210166]
2448	[14.98210116]
2449	[14.98210066]
2450	[14.98210016]
2451	[14.98209966]
2452	[14.98209916]
2453	[14.98209867]
2454	[14.98209818]
2455	[14.98209768]
2456	[14.98209719]
2457	[14.9820967]
2458	[14.98209622]
2459	[14.98209573]
2460	[14.98209525]
2461	[14.98209476]
2462	[14.98209428]
2463	[14.9820938]
2464	[14.98209332]
2465	[14.98209285]
2466	[14.98209237]
2467	[14.9820919]
2468	[14.98209143]
2469	[14.98209096]
2470	[14.98209049]
2471	[14.98209002]
2472	[14.98208955]
2473	[14.98208909]
2474	[14.98208863]
2475	[14.98208816]
2476	[14.9820877]
2477	[14.98208725]
2478	[14.98208679]
2479	[14.98208633]
2480	[14.98208588]
2481	[14.98208543]
2482	[14.98208497]
2483	[14.98208452]
2484	[14.98208408]
2485	[14.98208363]
2486	[14.98208318]
2487	[14.98208274]
2488	[14.9820823]
2489	[14.98208185]
2490	[14.98208141]
2491	[14.98208097]
2492	[14.98208054]
2493	[14.9820801]
2494	[14.98207967]
2495	[14.98207923]
2496	[14.9820788]
2497	[14.98207837]
2498	[14.98207794]
2499	[14.98207752]
2500	[14.98207709]
2501	[14.98207666]
2502	[14.98207624]
2503	[14.98207582]
2504	[14.9820754]
2505	[14.98207498]
2506	[14.98207456]
2507	[14.98207414]
2508	[14.98207373]
2509	[14.98207331]
2510	[14.9820729]
2511	[14.98207249]
2512	[14.98207208]
2513	[14.98207167]
2514	[14.98207126]
2515	[14.98207086]
2516	[14.98207045]
2517	[14.98207005]
2518	[14.98206964]
2519	[14.98206924]
2520	[14.98206884]
2521	[14.98206844]
2522	[14.98206805]
2523	[14.98206765]
2524	[14.98206726]
2525	[14.98206686]
2526	[14.98206647]
2527	[14.98206608]
2528	[14.98206569]
2529	[14.9820653]
2530	[14.98206491]
2531	[14.98206453]
2532	[14.98206414]
2533	[14.98206376]
2534	[14.98206338]
2535	[14.98206299]
2536	[14.98206261]
2537	[14.98206224]
2538	[14.98206186]
2539	[14.98206148]
2540	[14.98206111]
2541	[14.98206073]
2542	[14.98206036]
2543	[14.98205999]
2544	[14.98205962]
2545	[14.98205925]
2546	[14.98205888]
2547	[14.98205851]
2548	[14.98205815]
2549	[14.98205778]
2550	[14.98205742]
2551	[14.98205706]
2552	[14.9820567]
2553	[14.98205634]
2554	[14.98205598]
2555	[14.98205562]
2556	[14.98205526]
2557	[14.98205491]
2558	[14.98205455]
2559	[14.9820542]
2560	[14.98205385]
2561	[14.9820535]
2562	[14.98205315]
2563	[14.9820528]
2564	[14.98205245]
2565	[14.9820521]
2566	[14.98205176]
2567	[14.98205142]
2568	[14.98205107]
2569	[14.98205073]
2570	[14.98205039]
2571	[14.98205005]
2572	[14.98204971]
2573	[14.98204937]
2574	[14.98204904]
2575	[14.9820487]
2576	[14.98204837]
2577	[14.98204803]
2578	[14.9820477]
2579	[14.98204737]
2580	[14.98204704]
2581	[14.98204671]
2582	[14.98204638]
2583	[14.98204605]
2584	[14.98204573]
2585	[14.9820454]
2586	[14.98204508]
2587	[14.98204476]
2588	[14.98204443]
2589	[14.98204411]
2590	[14.98204379]
2591	[14.98204347]
2592	[14.98204316]
2593	[14.98204284]
2594	[14.98204252]
2595	[14.98204221]
2596	[14.98204189]
2597	[14.98204158]
2598	[14.98204127]
2599	[14.98204096]
2600	[14.98204065]
2601	[14.98204034]
2602	[14.98204003]
2603	[14.98203973]
2604	[14.98203942]
2605	[14.98203911]
2606	[14.98203881]
2607	[14.98203851]
2608	[14.98203821]
2609	[14.9820379]
2610	[14.9820376]
2611	[14.98203731]
2612	[14.98203701]
2613	[14.98203671]
2614	[14.98203641]
2615	[14.98203612]
2616	[14.98203582]
2617	[14.98203553]
2618	[14.98203524]
2619	[14.98203495]
2620	[14.98203466]
2621	[14.98203437]
2622	[14.98203408]
2623	[14.98203379]
2624	[14.9820335]
2625	[14.98203322]
2626	[14.98203293]
2627	[14.98203265]
2628	[14.98203236]
2629	[14.98203208]
2630	[14.9820318]
2631	[14.98203152]
2632	[14.98203124]
2633	[14.98203096]
2634	[14.98203068]
2635	[14.9820304]
2636	[14.98203013]
2637	[14.98202985]
2638	[14.98202958]
2639	[14.9820293]
2640	[14.98202903]
2641	[14.98202876]
2642	[14.98202849]
2643	[14.98202822]
2644	[14.98202795]
2645	[14.98202768]
2646	[14.98202741]
2647	[14.98202715]
2648	[14.98202688]
2649	[14.98202662]
2650	[14.98202635]
2651	[14.98202609]
2652	[14.98202583]
2653	[14.98202556]
2654	[14.9820253]
2655	[14.98202504]
2656	[14.98202478]
2657	[14.98202453]
2658	[14.98202427]
2659	[14.98202401]
2660	[14.98202376]
2661	[14.9820235]
2662	[14.98202325]
2663	[14.98202299]
2664	[14.98202274]
2665	[14.98202249]
2666	[14.98202224]
2667	[14.98202199]
2668	[14.98202174]
2669	[14.98202149]
2670	[14.98202124]
2671	[14.98202099]
2672	[14.98202075]
2673	[14.9820205]
2674	[14.98202026]
2675	[14.98202001]
2676	[14.98201977]
2677	[14.98201953]
2678	[14.98201929]
2679	[14.98201905]
2680	[14.98201881]
2681	[14.98201857]
2682	[14.98201833]
2683	[14.98201809]
2684	[14.98201785]
2685	[14.98201762]
2686	[14.98201738]
2687	[14.98201715]
2688	[14.98201691]
2689	[14.98201668]
2690	[14.98201645]
2691	[14.98201621]
2692	[14.98201598]
2693	[14.98201575]
2694	[14.98201552]
2695	[14.98201529]
2696	[14.98201507]
2697	[14.98201484]
2698	[14.98201461]
2699	[14.98201439]
2700	[14.98201416]
2701	[14.98201394]
2702	[14.98201371]
2703	[14.98201349]
2704	[14.98201327]
2705	[14.98201305]
2706	[14.98201282]
2707	[14.9820126]
2708	[14.98201238]
2709	[14.98201217]
2710	[14.98201195]
2711	[14.98201173]
2712	[14.98201151]
2713	[14.9820113]
2714	[14.98201108]
2715	[14.98201087]
2716	[14.98201065]
2717	[14.98201044]
2718	[14.98201023]
2719	[14.98201002]
2720	[14.9820098]
2721	[14.98200959]
2722	[14.98200938]
2723	[14.98200917]
2724	[14.98200897]
2725	[14.98200876]
2726	[14.98200855]
2727	[14.98200834]
2728	[14.98200814]
2729	[14.98200793]
2730	[14.98200773]
2731	[14.98200752]
2732	[14.98200732]
2733	[14.98200712]
2734	[14.98200692]
2735	[14.98200671]
2736	[14.98200651]
2737	[14.98200631]
2738	[14.98200611]
2739	[14.98200591]
2740	[14.98200572]
2741	[14.98200552]
2742	[14.98200532]
2743	[14.98200513]
2744	[14.98200493]
2745	[14.98200473]
2746	[14.98200454]
2747	[14.98200435]
2748	[14.98200415]
2749	[14.98200396]
2750	[14.98200377]
2751	[14.98200358]
2752	[14.98200339]
2753	[14.9820032]
2754	[14.98200301]
2755	[14.98200282]
2756	[14.98200263]
2757	[14.98200244]
2758	[14.98200225]
2759	[14.98200207]
2760	[14.98200188]
2761	[14.9820017]
2762	[14.98200151]
2763	[14.98200133]
2764	[14.98200114]
2765	[14.98200096]
2766	[14.98200078]
2767	[14.9820006]
2768	[14.98200041]
2769	[14.98200023]
2770	[14.98200005]
2771	[14.98199987]
2772	[14.98199969]
2773	[14.98199952]
2774	[14.98199934]
2775	[14.98199916]
2776	[14.98199898]
2777	[14.98199881]
2778	[14.98199863]
2779	[14.98199846]
2780	[14.98199828]
2781	[14.98199811]
2782	[14.98199794]
2783	[14.98199776]
2784	[14.98199759]
2785	[14.98199742]
2786	[14.98199725]
2787	[14.98199708]
2788	[14.98199691]
2789	[14.98199674]
2790	[14.98199657]
2791	[14.9819964]
2792	[14.98199623]
2793	[14.98199606]
2794	[14.9819959]
2795	[14.98199573]
2796	[14.98199556]
2797	[14.9819954]
2798	[14.98199523]
2799	[14.98199507]
2800	[14.98199491]
2801	[14.98199474]
2802	[14.98199458]
2803	[14.98199442]
2804	[14.98199426]
2805	[14.9819941]
2806	[14.98199394]
2807	[14.98199378]
2808	[14.98199362]
2809	[14.98199346]
2810	[14.9819933]
2811	[14.98199314]
2812	[14.98199298]
2813	[14.98199283]
2814	[14.98199267]
2815	[14.98199251]
2816	[14.98199236]
2817	[14.9819922]
2818	[14.98199205]
2819	[14.98199189]
2820	[14.98199174]
2821	[14.98199159]
2822	[14.98199143]
2823	[14.98199128]
2824	[14.98199113]
2825	[14.98199098]
2826	[14.98199083]
2827	[14.98199068]
2828	[14.98199053]
2829	[14.98199038]
2830	[14.98199023]
2831	[14.98199008]
2832	[14.98198993]
2833	[14.98198979]
2834	[14.98198964]
2835	[14.98198949]
2836	[14.98198935]
2837	[14.9819892]
2838	[14.98198906]
2839	[14.98198891]
2840	[14.98198877]
2841	[14.98198862]
2842	[14.98198848]
2843	[14.98198834]
2844	[14.9819882]
2845	[14.98198805]
2846	[14.98198791]
2847	[14.98198777]
2848	[14.98198763]
2849	[14.98198749]
2850	[14.98198735]
2851	[14.98198721]
2852	[14.98198707]
2853	[14.98198694]
2854	[14.9819868]
2855	[14.98198666]
2856	[14.98198652]
2857	[14.98198639]
2858	[14.98198625]
2859	[14.98198612]
2860	[14.98198598]
2861	[14.98198585]
2862	[14.98198571]
2863	[14.98198558]
2864	[14.98198544]
2865	[14.98198531]
2866	[14.98198518]
2867	[14.98198505]
2868	[14.98198491]
2869	[14.98198478]
2870	[14.98198465]
2871	[14.98198452]
2872	[14.98198439]
2873	[14.98198426]
2874	[14.98198413]
2875	[14.981984]
2876	[14.98198387]
2877	[14.98198375]
2878	[14.98198362]
2879	[14.98198349]
2880	[14.98198336]
2881	[14.98198324]
2882	[14.98198311]
2883	[14.98198299]
2884	[14.98198286]
2885	[14.98198274]
2886	[14.98198261]
2887	[14.98198249]
2888	[14.98198236]
2889	[14.98198224]
2890	[14.98198212]
2891	[14.981982]
2892	[14.98198187]
2893	[14.98198175]
2894	[14.98198163]
2895	[14.98198151]
2896	[14.98198139]
2897	[14.98198127]
2898	[14.98198115]
2899	[14.98198103]
2900	[14.98198091]
2901	[14.98198079]
2902	[14.98198067]
2903	[14.98198056]
2904	[14.98198044]
2905	[14.98198032]
2906	[14.9819802]
2907	[14.98198009]
2908	[14.98197997]
2909	[14.98197986]
2910	[14.98197974]
2911	[14.98197963]
2912	[14.98197951]
2913	[14.9819794]
2914	[14.98197928]
2915	[14.98197917]
2916	[14.98197906]
2917	[14.98197894]
2918	[14.98197883]
2919	[14.98197872]
2920	[14.98197861]
2921	[14.9819785]
2922	[14.98197839]
2923	[14.98197828]
2924	[14.98197817]
2925	[14.98197806]
2926	[14.98197795]
2927	[14.98197784]
2928	[14.98197773]
2929	[14.98197762]
2930	[14.98197751]
2931	[14.9819774]
2932	[14.9819773]
2933	[14.98197719]
2934	[14.98197708]
2935	[14.98197698]
2936	[14.98197687]
2937	[14.98197676]
2938	[14.98197666]
2939	[14.98197655]
2940	[14.98197645]
2941	[14.98197634]
2942	[14.98197624]
2943	[14.98197614]
2944	[14.98197603]
2945	[14.98197593]
2946	[14.98197583]
2947	[14.98197572]
2948	[14.98197562]
2949	[14.98197552]
2950	[14.98197542]
2951	[14.98197532]
2952	[14.98197522]
2953	[14.98197512]
2954	[14.98197502]
2955	[14.98197492]
2956	[14.98197482]
2957	[14.98197472]
2958	[14.98197462]
2959	[14.98197452]
2960	[14.98197442]
2961	[14.98197432]
2962	[14.98197423]
2963	[14.98197413]
2964	[14.98197403]
2965	[14.98197394]
2966	[14.98197384]
2967	[14.98197374]
2968	[14.98197365]
2969	[14.98197355]
2970	[14.98197346]
2971	[14.98197336]
2972	[14.98197327]
2973	[14.98197317]
2974	[14.98197308]
2975	[14.98197298]
2976	[14.98197289]
2977	[14.9819728]
2978	[14.98197271]
2979	[14.98197261]
2980	[14.98197252]
2981	[14.98197243]
2982	[14.98197234]
2983	[14.98197225]
2984	[14.98197215]
2985	[14.98197206]
2986	[14.98197197]
2987	[14.98197188]
2988	[14.98197179]
2989	[14.9819717]
2990	[14.98197161]
2991	[14.98197153]
2992	[14.98197144]
2993	[14.98197135]
2994	[14.98197126]
2995	[14.98197117]
2996	[14.98197108]
2997	[14.981971]
2998	[14.98197091]
2999	[14.98197082]
3000	[14.98197074]
3001	[14.98197065]
3002	[14.98197056]
3003	[14.98197048]
3004	[14.98197039]
3005	[14.98197031]
3006	[14.98197022]
3007	[14.98197014]
3008	[14.98197005]
3009	[14.98196997]
3010	[14.98196989]
3011	[14.9819698]
3012	[14.98196972]
3013	[14.98196964]
3014	[14.98196955]
3015	[14.98196947]
3016	[14.98196939]
3017	[14.98196931]
3018	[14.98196923]
3019	[14.98196914]
3020	[14.98196906]
3021	[14.98196898]
3022	[14.9819689]
3023	[14.98196882]
3024	[14.98196874]
3025	[14.98196866]
3026	[14.98196858]
3027	[14.9819685]
3028	[14.98196842]
3029	[14.98196834]
3030	[14.98196827]
3031	[14.98196819]
3032	[14.98196811]
3033	[14.98196803]
3034	[14.98196795]
3035	[14.98196788]
3036	[14.9819678]
3037	[14.98196772]
3038	[14.98196765]
3039	[14.98196757]
3040	[14.98196749]
3041	[14.98196742]
3042	[14.98196734]
3043	[14.98196727]
3044	[14.98196719]
3045	[14.98196712]
3046	[14.98196704]
3047	[14.98196697]
3048	[14.98196689]
3049	[14.98196682]
3050	[14.98196675]
3051	[14.98196667]
3052	[14.9819666]
3053	[14.98196653]
3054	[14.98196645]
3055	[14.98196638]
3056	[14.98196631]
3057	[14.98196624]
3058	[14.98196616]
3059	[14.98196609]
3060	[14.98196602]
3061	[14.98196595]
3062	[14.98196588]
3063	[14.98196581]
3064	[14.98196574]
3065	[14.98196567]
3066	[14.9819656]
3067	[14.98196553]
3068	[14.98196546]
3069	[14.98196539]
3070	[14.98196532]
3071	[14.98196525]
3072	[14.98196518]
3073	[14.98196511]
3074	[14.98196504]
3075	[14.98196498]
3076	[14.98196491]
3077	[14.98196484]
3078	[14.98196477]
3079	[14.98196471]
3080	[14.98196464]
3081	[14.98196457]
3082	[14.9819645]
3083	[14.98196444]
3084	[14.98196437]
3085	[14.98196431]
3086	[14.98196424]
3087	[14.98196417]
3088	[14.98196411]
3089	[14.98196404]
3090	[14.98196398]
3091	[14.98196391]
3092	[14.98196385]
3093	[14.98196379]
3094	[14.98196372]
3095	[14.98196366]
3096	[14.98196359]
3097	[14.98196353]
3098	[14.98196347]
3099	[14.9819634]
3100	[14.98196334]
3101	[14.98196328]
3102	[14.98196322]
3103	[14.98196315]
3104	[14.98196309]
3105	[14.98196303]
3106	[14.98196297]
3107	[14.98196291]
3108	[14.98196285]
3109	[14.98196278]
3110	[14.98196272]
3111	[14.98196266]
3112	[14.9819626]
3113	[14.98196254]
3114	[14.98196248]
3115	[14.98196242]
3116	[14.98196236]
3117	[14.9819623]
3118	[14.98196224]
3119	[14.98196218]
3120	[14.98196213]
3121	[14.98196207]
3122	[14.98196201]
3123	[14.98196195]
3124	[14.98196189]
3125	[14.98196183]
3126	[14.98196178]
3127	[14.98196172]
3128	[14.98196166]
3129	[14.9819616]
3130	[14.98196155]
3131	[14.98196149]
3132	[14.98196143]
3133	[14.98196137]
3134	[14.98196132]
3135	[14.98196126]
3136	[14.98196121]
3137	[14.98196115]
3138	[14.98196109]
3139	[14.98196104]
3140	[14.98196098]
3141	[14.98196093]
3142	[14.98196087]
3143	[14.98196082]
3144	[14.98196076]
3145	[14.98196071]
3146	[14.98196066]
3147	[14.9819606]
3148	[14.98196055]
3149	[14.98196049]
3150	[14.98196044]
3151	[14.98196039]
3152	[14.98196033]
3153	[14.98196028]
3154	[14.98196023]
3155	[14.98196017]
3156	[14.98196012]
3157	[14.98196007]
3158	[14.98196002]
3159	[14.98195996]
3160	[14.98195991]
3161	[14.98195986]
3162	[14.98195981]
3163	[14.98195976]
3164	[14.98195971]
3165	[14.98195966]
3166	[14.9819596]
3167	[14.98195955]
3168	[14.9819595]
3169	[14.98195945]
3170	[14.9819594]
3171	[14.98195935]
3172	[14.9819593]
3173	[14.98195925]
3174	[14.9819592]
3175	[14.98195915]
3176	[14.9819591]
3177	[14.98195905]
3178	[14.98195901]
3179	[14.98195896]
3180	[14.98195891]
3181	[14.98195886]
3182	[14.98195881]
3183	[14.98195876]
3184	[14.98195872]
3185	[14.98195867]
3186	[14.98195862]
3187	[14.98195857]
3188	[14.98195852]
3189	[14.98195848]
3190	[14.98195843]
3191	[14.98195838]
3192	[14.98195834]
3193	[14.98195829]
3194	[14.98195824]
3195	[14.9819582]
3196	[14.98195815]
3197	[14.9819581]
3198	[14.98195806]
3199	[14.98195801]
3200	[14.98195797]
3201	[14.98195792]
3202	[14.98195787]
3203	[14.98195783]
3204	[14.98195778]
3205	[14.98195774]
3206	[14.98195769]
3207	[14.98195765]
3208	[14.98195761]
3209	[14.98195756]
3210	[14.98195752]
3211	[14.98195747]
3212	[14.98195743]
3213	[14.98195738]
3214	[14.98195734]
3215	[14.9819573]
3216	[14.98195725]
3217	[14.98195721]
3218	[14.98195717]
3219	[14.98195712]
3220	[14.98195708]
3221	[14.98195704]
3222	[14.981957]
3223	[14.98195695]
3224	[14.98195691]
3225	[14.98195687]
3226	[14.98195683]
3227	[14.98195679]
3228	[14.98195674]
3229	[14.9819567]
3230	[14.98195666]
3231	[14.98195662]
3232	[14.98195658]
3233	[14.98195654]
3234	[14.9819565]
3235	[14.98195645]
3236	[14.98195641]
3237	[14.98195637]
3238	[14.98195633]
3239	[14.98195629]
3240	[14.98195625]
3241	[14.98195621]
3242	[14.98195617]
3243	[14.98195613]
3244	[14.98195609]
3245	[14.98195605]
3246	[14.98195601]
3247	[14.98195597]
3248	[14.98195593]
3249	[14.9819559]
3250	[14.98195586]
3251	[14.98195582]
3252	[14.98195578]
3253	[14.98195574]
3254	[14.9819557]
3255	[14.98195566]
3256	[14.98195563]
3257	[14.98195559]
3258	[14.98195555]
3259	[14.98195551]
3260	[14.98195547]
3261	[14.98195544]
3262	[14.9819554]
3263	[14.98195536]
3264	[14.98195532]
3265	[14.98195529]
3266	[14.98195525]
3267	[14.98195521]
3268	[14.98195518]
3269	[14.98195514]
3270	[14.9819551]
3271	[14.98195507]
3272	[14.98195503]
3273	[14.98195499]
3274	[14.98195496]
3275	[14.98195492]
3276	[14.98195489]
3277	[14.98195485]
3278	[14.98195481]
3279	[14.98195478]
3280	[14.98195474]
3281	[14.98195471]
3282	[14.98195467]
3283	[14.98195464]
3284	[14.9819546]
3285	[14.98195457]
3286	[14.98195453]
3287	[14.9819545]
3288	[14.98195446]
3289	[14.98195443]
3290	[14.9819544]
3291	[14.98195436]
3292	[14.98195433]
3293	[14.98195429]
3294	[14.98195426]
3295	[14.98195423]
3296	[14.98195419]
3297	[14.98195416]
3298	[14.98195412]
3299	[14.98195409]
3300	[14.98195406]
3301	[14.98195403]
3302	[14.98195399]
3303	[14.98195396]
3304	[14.98195393]
3305	[14.98195389]
3306	[14.98195386]
3307	[14.98195383]
3308	[14.9819538]
3309	[14.98195376]
3310	[14.98195373]
3311	[14.9819537]
3312	[14.98195367]
3313	[14.98195364]
3314	[14.9819536]
3315	[14.98195357]
3316	[14.98195354]
3317	[14.98195351]
3318	[14.98195348]
3319	[14.98195345]
3320	[14.98195342]
3321	[14.98195338]
3322	[14.98195335]
3323	[14.98195332]
3324	[14.98195329]
3325	[14.98195326]
3326	[14.98195323]
3327	[14.9819532]
3328	[14.98195317]
3329	[14.98195314]
3330	[14.98195311]
3331	[14.98195308]
3332	[14.98195305]
3333	[14.98195302]
3334	[14.98195299]
3335	[14.98195296]
3336	[14.98195293]
3337	[14.9819529]
3338	[14.98195287]
3339	[14.98195284]
3340	[14.98195281]
3341	[14.98195278]
3342	[14.98195275]
3343	[14.98195273]
3344	[14.9819527]
3345	[14.98195267]
3346	[14.98195264]
3347	[14.98195261]
3348	[14.98195258]
3349	[14.98195255]
3350	[14.98195252]
3351	[14.9819525]
3352	[14.98195247]
3353	[14.98195244]
3354	[14.98195241]
3355	[14.98195238]
3356	[14.98195236]
3357	[14.98195233]
3358	[14.9819523]
3359	[14.98195227]
3360	[14.98195225]
3361	[14.98195222]
3362	[14.98195219]
3363	[14.98195216]
3364	[14.98195214]
3365	[14.98195211]
3366	[14.98195208]
3367	[14.98195206]
3368	[14.98195203]
3369	[14.981952]
3370	[14.98195198]
3371	[14.98195195]
3372	[14.98195192]
3373	[14.9819519]
3374	[14.98195187]
3375	[14.98195185]
3376	[14.98195182]
3377	[14.98195179]
3378	[14.98195177]
3379	[14.98195174]
3380	[14.98195172]
3381	[14.98195169]
3382	[14.98195166]
3383	[14.98195164]
3384	[14.98195161]
3385	[14.98195159]
3386	[14.98195156]
3387	[14.98195154]
3388	[14.98195151]
3389	[14.98195149]
3390	[14.98195146]
3391	[14.98195144]
3392	[14.98195141]
3393	[14.98195139]
3394	[14.98195136]
3395	[14.98195134]
3396	[14.98195131]
3397	[14.98195129]
3398	[14.98195127]
3399	[14.98195124]
3400	[14.98195122]
3401	[14.98195119]
3402	[14.98195117]
3403	[14.98195115]
3404	[14.98195112]
3405	[14.9819511]
3406	[14.98195107]
3407	[14.98195105]
3408	[14.98195103]
3409	[14.981951]
3410	[14.98195098]
3411	[14.98195096]
3412	[14.98195093]
3413	[14.98195091]
3414	[14.98195089]
3415	[14.98195086]
3416	[14.98195084]
3417	[14.98195082]
3418	[14.9819508]
3419	[14.98195077]
3420	[14.98195075]
3421	[14.98195073]
3422	[14.98195071]
3423	[14.98195068]
3424	[14.98195066]
3425	[14.98195064]
3426	[14.98195062]
3427	[14.98195059]
3428	[14.98195057]
3429	[14.98195055]
3430	[14.98195053]
3431	[14.98195051]
3432	[14.98195048]
3433	[14.98195046]
3434	[14.98195044]
3435	[14.98195042]
3436	[14.9819504]
3437	[14.98195038]
3438	[14.98195035]
3439	[14.98195033]
3440	[14.98195031]
3441	[14.98195029]
3442	[14.98195027]
3443	[14.98195025]
3444	[14.98195023]
3445	[14.98195021]
3446	[14.98195019]
3447	[14.98195017]
3448	[14.98195014]
3449	[14.98195012]
3450	[14.9819501]
3451	[14.98195008]
3452	[14.98195006]
3453	[14.98195004]
3454	[14.98195002]
3455	[14.98195]
3456	[14.98194998]
3457	[14.98194996]
3458	[14.98194994]
3459	[14.98194992]
3460	[14.9819499]
3461	[14.98194988]
3462	[14.98194986]
3463	[14.98194984]
3464	[14.98194982]
3465	[14.9819498]
3466	[14.98194978]
3467	[14.98194976]
3468	[14.98194974]
3469	[14.98194972]
3470	[14.9819497]
3471	[14.98194969]
3472	[14.98194967]
3473	[14.98194965]
3474	[14.98194963]
3475	[14.98194961]
3476	[14.98194959]
3477	[14.98194957]
3478	[14.98194955]
3479	[14.98194953]
3480	[14.98194951]
3481	[14.9819495]
3482	[14.98194948]
3483	[14.98194946]
3484	[14.98194944]
3485	[14.98194942]
3486	[14.9819494]
3487	[14.98194939]
3488	[14.98194937]
3489	[14.98194935]
3490	[14.98194933]
3491	[14.98194931]
3492	[14.98194929]
3493	[14.98194928]
3494	[14.98194926]
3495	[14.98194924]
3496	[14.98194922]
3497	[14.98194921]
3498	[14.98194919]
3499	[14.98194917]
3500	[14.98194915]
3501	[14.98194914]
3502	[14.98194912]
3503	[14.9819491]
3504	[14.98194908]
3505	[14.98194907]
3506	[14.98194905]
3507	[14.98194903]
3508	[14.98194901]
3509	[14.981949]
3510	[14.98194898]
3511	[14.98194896]
3512	[14.98194895]
3513	[14.98194893]
3514	[14.98194891]
3515	[14.9819489]
3516	[14.98194888]
3517	[14.98194886]
3518	[14.98194885]
3519	[14.98194883]
3520	[14.98194881]
3521	[14.9819488]
3522	[14.98194878]
3523	[14.98194876]
3524	[14.98194875]
3525	[14.98194873]
3526	[14.98194872]
3527	[14.9819487]
3528	[14.98194868]
3529	[14.98194867]
3530	[14.98194865]
3531	[14.98194864]
3532	[14.98194862]
3533	[14.9819486]
3534	[14.98194859]
3535	[14.98194857]
3536	[14.98194856]
3537	[14.98194854]
3538	[14.98194853]
3539	[14.98194851]
3540	[14.98194849]
3541	[14.98194848]
3542	[14.98194846]
3543	[14.98194845]
3544	[14.98194843]
3545	[14.98194842]
3546	[14.9819484]
3547	[14.98194839]
3548	[14.98194837]
3549	[14.98194836]
3550	[14.98194834]
3551	[14.98194833]
3552	[14.98194831]
3553	[14.9819483]
3554	[14.98194828]
3555	[14.98194827]
3556	[14.98194825]
3557	[14.98194824]
3558	[14.98194822]
3559	[14.98194821]
3560	[14.9819482]
3561	[14.98194818]
3562	[14.98194817]
3563	[14.98194815]
3564	[14.98194814]
3565	[14.98194812]
3566	[14.98194811]
3567	[14.9819481]
3568	[14.98194808]
3569	[14.98194807]
3570	[14.98194805]
3571	[14.98194804]
3572	[14.98194803]
3573	[14.98194801]
3574	[14.981948]
3575	[14.98194798]
3576	[14.98194797]
3577	[14.98194796]
3578	[14.98194794]
3579	[14.98194793]
3580	[14.98194792]
3581	[14.9819479]
3582	[14.98194789]
3583	[14.98194787]
3584	[14.98194786]
3585	[14.98194785]
3586	[14.98194783]
3587	[14.98194782]
3588	[14.98194781]
3589	[14.98194779]
3590	[14.98194778]
3591	[14.98194777]
3592	[14.98194776]
3593	[14.98194774]
3594	[14.98194773]
3595	[14.98194772]
3596	[14.9819477]
3597	[14.98194769]
3598	[14.98194768]
3599	[14.98194766]
3600	[14.98194765]
3601	[14.98194764]
3602	[14.98194763]
3603	[14.98194761]
3604	[14.9819476]
3605	[14.98194759]
3606	[14.98194758]
3607	[14.98194756]
3608	[14.98194755]
3609	[14.98194754]
3610	[14.98194753]
3611	[14.98194751]
3612	[14.9819475]
3613	[14.98194749]
3614	[14.98194748]
3615	[14.98194747]
3616	[14.98194745]
3617	[14.98194744]
3618	[14.98194743]
3619	[14.98194742]
3620	[14.98194741]
3621	[14.98194739]
3622	[14.98194738]
3623	[14.98194737]
3624	[14.98194736]
3625	[14.98194735]
3626	[14.98194733]
3627	[14.98194732]
3628	[14.98194731]
3629	[14.9819473]
3630	[14.98194729]
3631	[14.98194728]
3632	[14.98194726]
3633	[14.98194725]
3634	[14.98194724]
3635	[14.98194723]
3636	[14.98194722]
3637	[14.98194721]
3638	[14.9819472]
3639	[14.98194718]
3640	[14.98194717]
3641	[14.98194716]
3642	[14.98194715]
3643	[14.98194714]
3644	[14.98194713]
3645	[14.98194712]
3646	[14.98194711]
3647	[14.9819471]
3648	[14.98194708]
3649	[14.98194707]
3650	[14.98194706]
3651	[14.98194705]
3652	[14.98194704]
3653	[14.98194703]
3654	[14.98194702]
3655	[14.98194701]
3656	[14.981947]
3657	[14.98194699]
3658	[14.98194698]
3659	[14.98194697]
3660	[14.98194696]
3661	[14.98194695]
3662	[14.98194694]
3663	[14.98194692]
3664	[14.98194691]
3665	[14.9819469]
3666	[14.98194689]
3667	[14.98194688]
3668	[14.98194687]
3669	[14.98194686]
3670	[14.98194685]
3671	[14.98194684]
3672	[14.98194683]
3673	[14.98194682]
3674	[14.98194681]
3675	[14.9819468]
3676	[14.98194679]
3677	[14.98194678]
3678	[14.98194677]
3679	[14.98194676]
3680	[14.98194675]
3681	[14.98194674]
3682	[14.98194673]
3683	[14.98194672]
3684	[14.98194671]
3685	[14.9819467]
3686	[14.98194669]
3687	[14.98194668]
3688	[14.98194667]
3689	[14.98194666]
3690	[14.98194666]
3691	[14.98194665]
3692	[14.98194664]
3693	[14.98194663]
3694	[14.98194662]
3695	[14.98194661]
3696	[14.9819466]
3697	[14.98194659]
3698	[14.98194658]
3699	[14.98194657]
3700	[14.98194656]
3701	[14.98194655]
3702	[14.98194654]
3703	[14.98194653]
3704	[14.98194652]
3705	[14.98194652]
3706	[14.98194651]
3707	[14.9819465]
3708	[14.98194649]
3709	[14.98194648]
3710	[14.98194647]
3711	[14.98194646]
3712	[14.98194645]
3713	[14.98194644]
3714	[14.98194643]
3715	[14.98194643]
3716	[14.98194642]
3717	[14.98194641]
3718	[14.9819464]
3719	[14.98194639]
3720	[14.98194638]
3721	[14.98194637]
3722	[14.98194636]
3723	[14.98194636]
3724	[14.98194635]
3725	[14.98194634]
3726	[14.98194633]
3727	[14.98194632]
3728	[14.98194631]
3729	[14.9819463]
3730	[14.9819463]
3731	[14.98194629]
3732	[14.98194628]
3733	[14.98194627]
3734	[14.98194626]
3735	[14.98194625]
3736	[14.98194625]
3737	[14.98194624]
3738	[14.98194623]
3739	[14.98194622]
3740	[14.98194621]
3741	[14.98194621]
3742	[14.9819462]
3743	[14.98194619]
3744	[14.98194618]
3745	[14.98194617]
3746	[14.98194616]
3747	[14.98194616]
3748	[14.98194615]
3749	[14.98194614]
3750	[14.98194613]
3751	[14.98194613]
3752	[14.98194612]
3753	[14.98194611]
3754	[14.9819461]
3755	[14.98194609]
3756	[14.98194609]
3757	[14.98194608]
3758	[14.98194607]
3759	[14.98194606]
3760	[14.98194606]
3761	[14.98194605]
3762	[14.98194604]
3763	[14.98194603]
3764	[14.98194602]
3765	[14.98194602]
3766	[14.98194601]
3767	[14.981946]
3768	[14.98194599]
3769	[14.98194599]
3770	[14.98194598]
3771	[14.98194597]
3772	[14.98194597]
3773	[14.98194596]
3774	[14.98194595]
3775	[14.98194594]
3776	[14.98194594]
3777	[14.98194593]
3778	[14.98194592]
3779	[14.98194591]
3780	[14.98194591]
3781	[14.9819459]
3782	[14.98194589]
3783	[14.98194589]
3784	[14.98194588]
3785	[14.98194587]
3786	[14.98194586]
3787	[14.98194586]
3788	[14.98194585]
3789	[14.98194584]
3790	[14.98194584]
3791	[14.98194583]
3792	[14.98194582]
3793	[14.98194582]
3794	[14.98194581]
3795	[14.9819458]
3796	[14.9819458]
3797	[14.98194579]
3798	[14.98194578]
3799	[14.98194577]
3800	[14.98194577]
3801	[14.98194576]
3802	[14.98194575]
3803	[14.98194575]
3804	[14.98194574]
3805	[14.98194573]
3806	[14.98194573]
3807	[14.98194572]
3808	[14.98194571]
3809	[14.98194571]
3810	[14.9819457]
3811	[14.9819457]
3812	[14.98194569]
3813	[14.98194568]
3814	[14.98194568]
3815	[14.98194567]
3816	[14.98194566]
3817	[14.98194566]
3818	[14.98194565]
3819	[14.98194564]
3820	[14.98194564]
3821	[14.98194563]
3822	[14.98194562]
3823	[14.98194562]
3824	[14.98194561]
3825	[14.98194561]
3826	[14.9819456]
3827	[14.98194559]
3828	[14.98194559]
3829	[14.98194558]
3830	[14.98194558]
3831	[14.98194557]
3832	[14.98194556]
3833	[14.98194556]
3834	[14.98194555]
3835	[14.98194555]
3836	[14.98194554]
3837	[14.98194553]
3838	[14.98194553]
3839	[14.98194552]
3840	[14.98194552]
3841	[14.98194551]
3842	[14.9819455]
3843	[14.9819455]
3844	[14.98194549]
3845	[14.98194549]
3846	[14.98194548]
3847	[14.98194547]
3848	[14.98194547]
3849	[14.98194546]
3850	[14.98194546]
3851	[14.98194545]
3852	[14.98194545]
3853	[14.98194544]
3854	[14.98194543]
3855	[14.98194543]
3856	[14.98194542]
3857	[14.98194542]
3858	[14.98194541]
3859	[14.98194541]
3860	[14.9819454]
3861	[14.98194539]
3862	[14.98194539]
3863	[14.98194538]
3864	[14.98194538]
3865	[14.98194537]
3866	[14.98194537]
3867	[14.98194536]
3868	[14.98194536]
3869	[14.98194535]
3870	[14.98194535]
3871	[14.98194534]
3872	[14.98194533]
3873	[14.98194533]
3874	[14.98194532]
3875	[14.98194532]
3876	[14.98194531]
3877	[14.98194531]
3878	[14.9819453]
3879	[14.9819453]
3880	[14.98194529]
3881	[14.98194529]
3882	[14.98194528]
3883	[14.98194528]
3884	[14.98194527]
3885	[14.98194527]
3886	[14.98194526]
3887	[14.98194526]
3888	[14.98194525]
3889	[14.98194525]
3890	[14.98194524]
3891	[14.98194524]
3892	[14.98194523]
3893	[14.98194523]
3894	[14.98194522]
3895	[14.98194522]
3896	[14.98194521]
3897	[14.98194521]
3898	[14.9819452]
3899	[14.9819452]
3900	[14.98194519]
3901	[14.98194519]
3902	[14.98194518]
3903	[14.98194518]
3904	[14.98194517]
3905	[14.98194517]
3906	[14.98194516]
3907	[14.98194516]
3908	[14.98194515]
3909	[14.98194515]
3910	[14.98194514]
3911	[14.98194514]
3912	[14.98194513]
3913	[14.98194513]
3914	[14.98194512]
3915	[14.98194512]
3916	[14.98194512]
3917	[14.98194511]
3918	[14.98194511]
3919	[14.9819451]
3920	[14.9819451]
3921	[14.98194509]
3922	[14.98194509]
3923	[14.98194508]
3924	[14.98194508]
3925	[14.98194507]
3926	[14.98194507]
3927	[14.98194506]
3928	[14.98194506]
3929	[14.98194506]
3930	[14.98194505]
3931	[14.98194505]
3932	[14.98194504]
3933	[14.98194504]
3934	[14.98194503]
3935	[14.98194503]
3936	[14.98194503]
3937	[14.98194502]
3938	[14.98194502]
3939	[14.98194501]
3940	[14.98194501]
3941	[14.981945]
3942	[14.981945]
3943	[14.98194499]
3944	[14.98194499]
3945	[14.98194499]
3946	[14.98194498]
3947	[14.98194498]
3948	[14.98194497]
3949	[14.98194497]
3950	[14.98194497]
3951	[14.98194496]
3952	[14.98194496]
3953	[14.98194495]
3954	[14.98194495]
3955	[14.98194494]
3956	[14.98194494]
3957	[14.98194494]
3958	[14.98194493]
3959	[14.98194493]
3960	[14.98194492]
3961	[14.98194492]
3962	[14.98194492]
3963	[14.98194491]
3964	[14.98194491]
3965	[14.9819449]
3966	[14.9819449]
3967	[14.9819449]
3968	[14.98194489]
3969	[14.98194489]
3970	[14.98194488]
3971	[14.98194488]
3972	[14.98194488]
3973	[14.98194487]
3974	[14.98194487]
3975	[14.98194487]
3976	[14.98194486]
3977	[14.98194486]
3978	[14.98194485]
3979	[14.98194485]
3980	[14.98194485]
3981	[14.98194484]
3982	[14.98194484]
3983	[14.98194483]
3984	[14.98194483]
3985	[14.98194483]
3986	[14.98194482]
3987	[14.98194482]
3988	[14.98194482]
3989	[14.98194481]
3990	[14.98194481]
3991	[14.9819448]
3992	[14.9819448]
3993	[14.9819448]
3994	[14.98194479]
3995	[14.98194479]
3996	[14.98194479]
3997	[14.98194478]
3998	[14.98194478]
3999	[14.98194478]
4000	[14.98194477]
4001	[14.98194477]
4002	[14.98194477]
4003	[14.98194476]
4004	[14.98194476]
4005	[14.98194475]
4006	[14.98194475]
4007	[14.98194475]
4008	[14.98194474]
4009	[14.98194474]
4010	[14.98194474]
4011	[14.98194473]
4012	[14.98194473]
4013	[14.98194473]
4014	[14.98194472]
4015	[14.98194472]
4016	[14.98194472]
4017	[14.98194471]
4018	[14.98194471]
4019	[14.98194471]
4020	[14.9819447]
4021	[14.9819447]
4022	[14.9819447]
4023	[14.98194469]
4024	[14.98194469]
4025	[14.98194469]
4026	[14.98194468]
4027	[14.98194468]
4028	[14.98194468]
4029	[14.98194467]
4030	[14.98194467]
4031	[14.98194467]
4032	[14.98194466]
4033	[14.98194466]
4034	[14.98194466]
4035	[14.98194465]
4036	[14.98194465]
4037	[14.98194465]
4038	[14.98194465]
4039	[14.98194464]
4040	[14.98194464]
4041	[14.98194464]
4042	[14.98194463]
4043	[14.98194463]
4044	[14.98194463]
4045	[14.98194462]
4046	[14.98194462]
4047	[14.98194462]
4048	[14.98194461]
4049	[14.98194461]
4050	[14.98194461]
4051	[14.98194461]
4052	[14.9819446]
4053	[14.9819446]
4054	[14.9819446]
4055	[14.98194459]
4056	[14.98194459]
4057	[14.98194459]
4058	[14.98194458]
4059	[14.98194458]
4060	[14.98194458]
4061	[14.98194458]
4062	[14.98194457]
4063	[14.98194457]
4064	[14.98194457]
4065	[14.98194456]
4066	[14.98194456]
4067	[14.98194456]
4068	[14.98194455]
4069	[14.98194455]
4070	[14.98194455]
4071	[14.98194455]
4072	[14.98194454]
4073	[14.98194454]
4074	[14.98194454]
4075	[14.98194454]
4076	[14.98194453]
4077	[14.98194453]
4078	[14.98194453]
4079	[14.98194452]
4080	[14.98194452]
4081	[14.98194452]
4082	[14.98194452]
4083	[14.98194451]
4084	[14.98194451]
4085	[14.98194451]
4086	[14.9819445]
4087	[14.9819445]
4088	[14.9819445]
4089	[14.9819445]
4090	[14.98194449]
4091	[14.98194449]
4092	[14.98194449]
4093	[14.98194449]
4094	[14.98194448]
4095	[14.98194448]
4096	[14.98194448]
4097	[14.98194448]
4098	[14.98194447]
4099	[14.98194447]
4100	[14.98194447]
4101	[14.98194447]
4102	[14.98194446]
4103	[14.98194446]
4104	[14.98194446]
4105	[14.98194446]
4106	[14.98194445]
4107	[14.98194445]
4108	[14.98194445]
4109	[14.98194444]
4110	[14.98194444]
4111	[14.98194444]
4112	[14.98194444]
4113	[14.98194443]
4114	[14.98194443]
4115	[14.98194443]
4116	[14.98194443]
4117	[14.98194443]
4118	[14.98194442]
4119	[14.98194442]
4120	[14.98194442]
4121	[14.98194442]
4122	[14.98194441]
4123	[14.98194441]
4124	[14.98194441]
4125	[14.98194441]
4126	[14.9819444]
4127	[14.9819444]
4128	[14.9819444]
4129	[14.9819444]
4130	[14.98194439]
4131	[14.98194439]
4132	[14.98194439]
4133	[14.98194439]
4134	[14.98194438]
4135	[14.98194438]
4136	[14.98194438]
4137	[14.98194438]
4138	[14.98194438]
4139	[14.98194437]
4140	[14.98194437]
4141	[14.98194437]
4142	[14.98194437]
4143	[14.98194436]
4144	[14.98194436]
4145	[14.98194436]
4146	[14.98194436]
4147	[14.98194435]
4148	[14.98194435]
4149	[14.98194435]
4150	[14.98194435]
4151	[14.98194435]
4152	[14.98194434]
4153	[14.98194434]
4154	[14.98194434]
4155	[14.98194434]
4156	[14.98194434]
4157	[14.98194433]
4158	[14.98194433]
4159	[14.98194433]
4160	[14.98194433]
4161	[14.98194432]
4162	[14.98194432]
4163	[14.98194432]
4164	[14.98194432]
4165	[14.98194432]
4166	[14.98194431]
4167	[14.98194431]
4168	[14.98194431]
4169	[14.98194431]
4170	[14.98194431]
4171	[14.9819443]
4172	[14.9819443]
4173	[14.9819443]
4174	[14.9819443]
4175	[14.9819443]
4176	[14.98194429]
4177	[14.98194429]
4178	[14.98194429]
4179	[14.98194429]
4180	[14.98194429]
4181	[14.98194428]
4182	[14.98194428]
4183	[14.98194428]
4184	[14.98194428]
4185	[14.98194428]
4186	[14.98194427]
4187	[14.98194427]
4188	[14.98194427]
4189	[14.98194427]
4190	[14.98194427]
4191	[14.98194426]
4192	[14.98194426]
4193	[14.98194426]
4194	[14.98194426]
4195	[14.98194426]
4196	[14.98194425]
4197	[14.98194425]
4198	[14.98194425]
4199	[14.98194425]
4200	[14.98194425]
4201	[14.98194424]
4202	[14.98194424]
4203	[14.98194424]
4204	[14.98194424]
4205	[14.98194424]
4206	[14.98194424]
4207	[14.98194423]
4208	[14.98194423]
4209	[14.98194423]
4210	[14.98194423]
4211	[14.98194423]
4212	[14.98194422]
4213	[14.98194422]
4214	[14.98194422]
4215	[14.98194422]
4216	[14.98194422]
4217	[14.98194422]
4218	[14.98194421]
4219	[14.98194421]
4220	[14.98194421]
4221	[14.98194421]
4222	[14.98194421]
4223	[14.9819442]
4224	[14.9819442]
4225	[14.9819442]
4226	[14.9819442]
4227	[14.9819442]
4228	[14.9819442]
4229	[14.98194419]
4230	[14.98194419]
4231	[14.98194419]
4232	[14.98194419]
4233	[14.98194419]
4234	[14.98194419]
4235	[14.98194418]
4236	[14.98194418]
4237	[14.98194418]
4238	[14.98194418]
4239	[14.98194418]
4240	[14.98194418]
4241	[14.98194417]
4242	[14.98194417]
4243	[14.98194417]
4244	[14.98194417]
4245	[14.98194417]
4246	[14.98194417]
4247	[14.98194416]
4248	[14.98194416]
4249	[14.98194416]
4250	[14.98194416]
4251	[14.98194416]
4252	[14.98194416]
4253	[14.98194415]
4254	[14.98194415]
4255	[14.98194415]
4256	[14.98194415]
4257	[14.98194415]
4258	[14.98194415]
4259	[14.98194415]
4260	[14.98194414]
4261	[14.98194414]
4262	[14.98194414]
4263	[14.98194414]
4264	[14.98194414]
4265	[14.98194414]
4266	[14.98194413]
4267	[14.98194413]
4268	[14.98194413]
4269	[14.98194413]
4270	[14.98194413]
4271	[14.98194413]
4272	[14.98194413]
4273	[14.98194412]
4274	[14.98194412]
4275	[14.98194412]
4276	[14.98194412]
4277	[14.98194412]
4278	[14.98194412]
4279	[14.98194412]
4280	[14.98194411]
4281	[14.98194411]
4282	[14.98194411]
4283	[14.98194411]
4284	[14.98194411]
4285	[14.98194411]
4286	[14.98194411]
4287	[14.9819441]
4288	[14.9819441]
4289	[14.9819441]
4290	[14.9819441]
4291	[14.9819441]
4292	[14.9819441]
4293	[14.9819441]
4294	[14.98194409]
4295	[14.98194409]
4296	[14.98194409]
4297	[14.98194409]
4298	[14.98194409]
4299	[14.98194409]
4300	[14.98194409]
4301	[14.98194408]
4302	[14.98194408]
4303	[14.98194408]
4304	[14.98194408]
4305	[14.98194408]
4306	[14.98194408]
4307	[14.98194408]
4308	[14.98194407]
4309	[14.98194407]
4310	[14.98194407]
4311	[14.98194407]
4312	[14.98194407]
4313	[14.98194407]
4314	[14.98194407]
4315	[14.98194407]
4316	[14.98194406]
4317	[14.98194406]
4318	[14.98194406]
4319	[14.98194406]
4320	[14.98194406]
4321	[14.98194406]
4322	[14.98194406]
4323	[14.98194406]
4324	[14.98194405]
4325	[14.98194405]
4326	[14.98194405]
4327	[14.98194405]
4328	[14.98194405]
4329	[14.98194405]
4330	[14.98194405]
4331	[14.98194405]
4332	[14.98194404]
4333	[14.98194404]
4334	[14.98194404]
4335	[14.98194404]
4336	[14.98194404]
4337	[14.98194404]
4338	[14.98194404]
4339	[14.98194404]
4340	[14.98194403]
4341	[14.98194403]
4342	[14.98194403]
4343	[14.98194403]
4344	[14.98194403]
4345	[14.98194403]
4346	[14.98194403]
4347	[14.98194403]
4348	[14.98194402]
4349	[14.98194402]
4350	[14.98194402]
4351	[14.98194402]
4352	[14.98194402]
4353	[14.98194402]
4354	[14.98194402]
4355	[14.98194402]
4356	[14.98194402]
4357	[14.98194401]
4358	[14.98194401]
4359	[14.98194401]
4360	[14.98194401]
4361	[14.98194401]
4362	[14.98194401]
4363	[14.98194401]
4364	[14.98194401]
4365	[14.98194401]
4366	[14.981944]
4367	[14.981944]
4368	[14.981944]
4369	[14.981944]
4370	[14.981944]
4371	[14.981944]
4372	[14.981944]
4373	[14.981944]
4374	[14.981944]
4375	[14.98194399]
4376	[14.98194399]
4377	[14.98194399]
4378	[14.98194399]
4379	[14.98194399]
4380	[14.98194399]
4381	[14.98194399]
4382	[14.98194399]
4383	[14.98194399]
4384	[14.98194398]
4385	[14.98194398]
4386	[14.98194398]
4387	[14.98194398]
4388	[14.98194398]
4389	[14.98194398]
4390	[14.98194398]
4391	[14.98194398]
4392	[14.98194398]
4393	[14.98194398]
4394	[14.98194397]
4395	[14.98194397]
4396	[14.98194397]
4397	[14.98194397]
4398	[14.98194397]
4399	[14.98194397]
4400	[14.98194397]
4401	[14.98194397]
4402	[14.98194397]
4403	[14.98194397]
4404	[14.98194396]
4405	[14.98194396]
4406	[14.98194396]
4407	[14.98194396]
4408	[14.98194396]
4409	[14.98194396]
4410	[14.98194396]
4411	[14.98194396]
4412	[14.98194396]
4413	[14.98194396]
4414	[14.98194395]
4415	[14.98194395]
4416	[14.98194395]
4417	[14.98194395]
4418	[14.98194395]
4419	[14.98194395]
4420	[14.98194395]
4421	[14.98194395]
4422	[14.98194395]
4423	[14.98194395]
4424	[14.98194395]
4425	[14.98194394]
4426	[14.98194394]
4427	[14.98194394]
4428	[14.98194394]
4429	[14.98194394]
4430	[14.98194394]
4431	[14.98194394]
4432	[14.98194394]
4433	[14.98194394]
4434	[14.98194394]
4435	[14.98194394]
4436	[14.98194393]
4437	[14.98194393]
4438	[14.98194393]
4439	[14.98194393]
4440	[14.98194393]
4441	[14.98194393]
4442	[14.98194393]
4443	[14.98194393]
4444	[14.98194393]
4445	[14.98194393]
4446	[14.98194393]
4447	[14.98194393]
4448	[14.98194392]
4449	[14.98194392]
4450	[14.98194392]
4451	[14.98194392]
4452	[14.98194392]
4453	[14.98194392]
4454	[14.98194392]
4455	[14.98194392]
4456	[14.98194392]
4457	[14.98194392]
4458	[14.98194392]
4459	[14.98194392]
4460	[14.98194391]
4461	[14.98194391]
4462	[14.98194391]
4463	[14.98194391]
4464	[14.98194391]
4465	[14.98194391]
4466	[14.98194391]
4467	[14.98194391]
4468	[14.98194391]
4469	[14.98194391]
4470	[14.98194391]
4471	[14.98194391]
4472	[14.9819439]
4473	[14.9819439]
4474	[14.9819439]
4475	[14.9819439]
4476	[14.9819439]
4477	[14.9819439]
4478	[14.9819439]
4479	[14.9819439]
4480	[14.9819439]
4481	[14.9819439]
4482	[14.9819439]
4483	[14.9819439]
4484	[14.9819439]
4485	[14.98194389]
4486	[14.98194389]
4487	[14.98194389]
4488	[14.98194389]
4489	[14.98194389]
4490	[14.98194389]
4491	[14.98194389]
4492	[14.98194389]
4493	[14.98194389]
4494	[14.98194389]
4495	[14.98194389]
4496	[14.98194389]
4497	[14.98194389]
4498	[14.98194388]
4499	[14.98194388]
4500	[14.98194388]
4501	[14.98194388]
4502	[14.98194388]
4503	[14.98194388]
4504	[14.98194388]
4505	[14.98194388]
4506	[14.98194388]
4507	[14.98194388]
4508	[14.98194388]
4509	[14.98194388]
4510	[14.98194388]
4511	[14.98194388]
4512	[14.98194387]
4513	[14.98194387]
4514	[14.98194387]
4515	[14.98194387]
4516	[14.98194387]
4517	[14.98194387]
4518	[14.98194387]
4519	[14.98194387]
4520	[14.98194387]
4521	[14.98194387]
4522	[14.98194387]
4523	[14.98194387]
4524	[14.98194387]
4525	[14.98194387]
4526	[14.98194387]
4527	[14.98194386]
4528	[14.98194386]
4529	[14.98194386]
4530	[14.98194386]
4531	[14.98194386]
4532	[14.98194386]
4533	[14.98194386]
4534	[14.98194386]
4535	[14.98194386]
4536	[14.98194386]
4537	[14.98194386]
4538	[14.98194386]
4539	[14.98194386]
4540	[14.98194386]
4541	[14.98194386]
4542	[14.98194386]
4543	[14.98194385]
4544	[14.98194385]
4545	[14.98194385]
4546	[14.98194385]
4547	[14.98194385]
4548	[14.98194385]
4549	[14.98194385]
4550	[14.98194385]
4551	[14.98194385]
4552	[14.98194385]
4553	[14.98194385]
4554	[14.98194385]
4555	[14.98194385]
4556	[14.98194385]
4557	[14.98194385]
4558	[14.98194385]
4559	[14.98194384]
4560	[14.98194384]
4561	[14.98194384]
4562	[14.98194384]
4563	[14.98194384]
4564	[14.98194384]
4565	[14.98194384]
4566	[14.98194384]
4567	[14.98194384]
4568	[14.98194384]
4569	[14.98194384]
4570	[14.98194384]
4571	[14.98194384]
4572	[14.98194384]
4573	[14.98194384]
4574	[14.98194384]
4575	[14.98194384]
4576	[14.98194383]
4577	[14.98194383]
4578	[14.98194383]
4579	[14.98194383]
4580	[14.98194383]
4581	[14.98194383]
4582	[14.98194383]
4583	[14.98194383]
4584	[14.98194383]
4585	[14.98194383]
4586	[14.98194383]
4587	[14.98194383]
4588	[14.98194383]
4589	[14.98194383]
4590	[14.98194383]
4591	[14.98194383]
4592	[14.98194383]
4593	[14.98194383]
4594	[14.98194382]
4595	[14.98194382]
4596	[14.98194382]
4597	[14.98194382]
4598	[14.98194382]
4599	[14.98194382]
4600	[14.98194382]
4601	[14.98194382]
4602	[14.98194382]
4603	[14.98194382]
4604	[14.98194382]
4605	[14.98194382]
4606	[14.98194382]
4607	[14.98194382]
4608	[14.98194382]
4609	[14.98194382]
4610	[14.98194382]
4611	[14.98194382]
4612	[14.98194382]
4613	[14.98194381]
4614	[14.98194381]
4615	[14.98194381]
4616	[14.98194381]
4617	[14.98194381]
4618	[14.98194381]
4619	[14.98194381]
4620	[14.98194381]
4621	[14.98194381]
4622	[14.98194381]
4623	[14.98194381]
4624	[14.98194381]
4625	[14.98194381]
4626	[14.98194381]
4627	[14.98194381]
4628	[14.98194381]
4629	[14.98194381]
4630	[14.98194381]
4631	[14.98194381]
4632	[14.98194381]
4633	[14.98194381]
4634	[14.9819438]
4635	[14.9819438]
4636	[14.9819438]
4637	[14.9819438]
4638	[14.9819438]
4639	[14.9819438]
4640	[14.9819438]
4641	[14.9819438]
4642	[14.9819438]
4643	[14.9819438]
4644	[14.9819438]
4645	[14.9819438]
4646	[14.9819438]
4647	[14.9819438]
4648	[14.9819438]
4649	[14.9819438]
4650	[14.9819438]
4651	[14.9819438]
4652	[14.9819438]
4653	[14.9819438]
4654	[14.9819438]
4655	[14.9819438]
4656	[14.98194379]
4657	[14.98194379]
4658	[14.98194379]
4659	[14.98194379]
4660	[14.98194379]
4661	[14.98194379]
4662	[14.98194379]
4663	[14.98194379]
4664	[14.98194379]
4665	[14.98194379]
4666	[14.98194379]
4667	[14.98194379]
4668	[14.98194379]
4669	[14.98194379]
4670	[14.98194379]
4671	[14.98194379]
4672	[14.98194379]
4673	[14.98194379]
4674	[14.98194379]
4675	[14.98194379]
4676	[14.98194379]
4677	[14.98194379]
4678	[14.98194379]
4679	[14.98194378]
4680	[14.98194378]
4681	[14.98194378]
4682	[14.98194378]
4683	[14.98194378]
4684	[14.98194378]
4685	[14.98194378]
4686	[14.98194378]
4687	[14.98194378]
4688	[14.98194378]
4689	[14.98194378]
4690	[14.98194378]
4691	[14.98194378]
4692	[14.98194378]
4693	[14.98194378]
4694	[14.98194378]
4695	[14.98194378]
4696	[14.98194378]
4697	[14.98194378]
4698	[14.98194378]
4699	[14.98194378]
4700	[14.98194378]
4701	[14.98194378]
4702	[14.98194378]
4703	[14.98194378]
4704	[14.98194378]
4705	[14.98194377]
4706	[14.98194377]
4707	[14.98194377]
4708	[14.98194377]
4709	[14.98194377]
4710	[14.98194377]
4711	[14.98194377]
4712	[14.98194377]
4713	[14.98194377]
4714	[14.98194377]
4715	[14.98194377]
4716	[14.98194377]
4717	[14.98194377]
4718	[14.98194377]
4719	[14.98194377]
4720	[14.98194377]
4721	[14.98194377]
4722	[14.98194377]
4723	[14.98194377]
4724	[14.98194377]
4725	[14.98194377]
4726	[14.98194377]
4727	[14.98194377]
4728	[14.98194377]
4729	[14.98194377]
4730	[14.98194377]
4731	[14.98194377]
4732	[14.98194377]
4733	[14.98194376]
4734	[14.98194376]
4735	[14.98194376]
4736	[14.98194376]
4737	[14.98194376]
4738	[14.98194376]
4739	[14.98194376]
4740	[14.98194376]
4741	[14.98194376]
4742	[14.98194376]
4743	[14.98194376]
4744	[14.98194376]
4745	[14.98194376]
4746	[14.98194376]
4747	[14.98194376]
4748	[14.98194376]
4749	[14.98194376]
4750	[14.98194376]
4751	[14.98194376]
4752	[14.98194376]
4753	[14.98194376]
4754	[14.98194376]
4755	[14.98194376]
4756	[14.98194376]
4757	[14.98194376]
4758	[14.98194376]
4759	[14.98194376]
4760	[14.98194376]
4761	[14.98194376]
4762	[14.98194376]
4763	[14.98194375]
4764	[14.98194375]
4765	[14.98194375]
4766	[14.98194375]
4767	[14.98194375]
4768	[14.98194375]
4769	[14.98194375]
4770	[14.98194375]
4771	[14.98194375]
4772	[14.98194375]
4773	[14.98194375]
4774	[14.98194375]
4775	[14.98194375]
4776	[14.98194375]
4777	[14.98194375]
4778	[14.98194375]
4779	[14.98194375]
4780	[14.98194375]
4781	[14.98194375]
4782	[14.98194375]
4783	[14.98194375]
4784	[14.98194375]
4785	[14.98194375]
4786	[14.98194375]
4787	[14.98194375]
4788	[14.98194375]
4789	[14.98194375]
4790	[14.98194375]
4791	[14.98194375]
4792	[14.98194375]
4793	[14.98194375]
4794	[14.98194375]
4795	[14.98194375]
4796	[14.98194375]
4797	[14.98194374]
4798	[14.98194374]
4799	[14.98194374]
4800	[14.98194374]
4801	[14.98194374]
4802	[14.98194374]
4803	[14.98194374]
4804	[14.98194374]
4805	[14.98194374]
4806	[14.98194374]
4807	[14.98194374]
4808	[14.98194374]
4809	[14.98194374]
4810	[14.98194374]
4811	[14.98194374]
4812	[14.98194374]
4813	[14.98194374]
4814	[14.98194374]
4815	[14.98194374]
4816	[14.98194374]
4817	[14.98194374]
4818	[14.98194374]
4819	[14.98194374]
4820	[14.98194374]
4821	[14.98194374]
4822	[14.98194374]
4823	[14.98194374]
4824	[14.98194374]
4825	[14.98194374]
4826	[14.98194374]
4827	[14.98194374]
4828	[14.98194374]
4829	[14.98194374]
4830	[14.98194374]
4831	[14.98194374]
4832	[14.98194374]
4833	[14.98194374]
4834	[14.98194374]
4835	[14.98194373]
4836	[14.98194373]
4837	[14.98194373]
4838	[14.98194373]
4839	[14.98194373]
4840	[14.98194373]
4841	[14.98194373]
4842	[14.98194373]
4843	[14.98194373]
4844	[14.98194373]
4845	[14.98194373]
4846	[14.98194373]
4847	[14.98194373]
4848	[14.98194373]
4849	[14.98194373]
4850	[14.98194373]
4851	[14.98194373]
4852	[14.98194373]
4853	[14.98194373]
4854	[14.98194373]
4855	[14.98194373]
4856	[14.98194373]
4857	[14.98194373]
4858	[14.98194373]
4859	[14.98194373]
4860	[14.98194373]
4861	[14.98194373]
4862	[14.98194373]
4863	[14.98194373]
4864	[14.98194373]
4865	[14.98194373]
4866	[14.98194373]
4867	[14.98194373]
4868	[14.98194373]
4869	[14.98194373]
4870	[14.98194373]
4871	[14.98194373]
4872	[14.98194373]
4873	[14.98194373]
4874	[14.98194373]
4875	[14.98194373]
4876	[14.98194373]
4877	[14.98194373]
4878	[14.98194372]
4879	[14.98194372]
4880	[14.98194372]
4881	[14.98194372]
4882	[14.98194372]
4883	[14.98194372]
4884	[14.98194372]
4885	[14.98194372]
4886	[14.98194372]
4887	[14.98194372]
4888	[14.98194372]
4889	[14.98194372]
4890	[14.98194372]
4891	[14.98194372]
4892	[14.98194372]
4893	[14.98194372]
4894	[14.98194372]
4895	[14.98194372]
4896	[14.98194372]
4897	[14.98194372]
4898	[14.98194372]
4899	[14.98194372]
4900	[14.98194372]
4901	[14.98194372]
4902	[14.98194372]
4903	[14.98194372]
4904	[14.98194372]
4905	[14.98194372]
4906	[14.98194372]
4907	[14.98194372]
4908	[14.98194372]
4909	[14.98194372]
4910	[14.98194372]
4911	[14.98194372]
4912	[14.98194372]
4913	[14.98194372]
4914	[14.98194372]
4915	[14.98194372]
4916	[14.98194372]
4917	[14.98194372]
4918	[14.98194372]
4919	[14.98194372]
4920	[14.98194372]
4921	[14.98194372]
4922	[14.98194372]
4923	[14.98194372]
4924	[14.98194372]
4925	[14.98194372]
4926	[14.98194372]
4927	[14.98194372]
4928	[14.98194371]
4929	[14.98194371]
4930	[14.98194371]
4931	[14.98194371]
4932	[14.98194371]
4933	[14.98194371]
4934	[14.98194371]
4935	[14.98194371]
4936	[14.98194371]
4937	[14.98194371]
4938	[14.98194371]
4939	[14.98194371]
4940	[14.98194371]
4941	[14.98194371]
4942	[14.98194371]
4943	[14.98194371]
4944	[14.98194371]
4945	[14.98194371]
4946	[14.98194371]
4947	[14.98194371]
4948	[14.98194371]
4949	[14.98194371]
4950	[14.98194371]
4951	[14.98194371]
4952	[14.98194371]
4953	[14.98194371]
4954	[14.98194371]
4955	[14.98194371]
4956	[14.98194371]
4957	[14.98194371]
4958	[14.98194371]
4959	[14.98194371]
4960	[14.98194371]
4961	[14.98194371]
4962	[14.98194371]
4963	[14.98194371]
4964	[14.98194371]
4965	[14.98194371]
4966	[14.98194371]
4967	[14.98194371]
4968	[14.98194371]
4969	[14.98194371]
4970	[14.98194371]
4971	[14.98194371]
4972	[14.98194371]
4973	[14.98194371]
4974	[14.98194371]
4975	[14.98194371]
4976	[14.98194371]
4977	[14.98194371]
4978	[14.98194371]
4979	[14.98194371]
4980	[14.98194371]
4981	[14.98194371]
4982	[14.98194371]
4983	[14.98194371]
4984	[14.98194371]
4985	[14.98194371]
4986	[14.98194371]
4987	[14.9819437]
4988	[14.9819437]
4989	[14.9819437]
4990	[14.9819437]
4991	[14.9819437]
4992	[14.9819437]
4993	[14.9819437]
4994	[14.9819437]
4995	[14.9819437]
4996	[14.9819437]
4997	[14.9819437]
4998	[14.9819437]
4999	[14.9819437]
5000	[14.9819437]
5001	[14.9819437]
5002	[14.9819437]
5003	[14.9819437]
5004	[14.9819437]
5005	[14.9819437]
5006	[14.9819437]
5007	[14.9819437]
5008	[14.9819437]
5009	[14.9819437]
5010	[14.9819437]
5011	[14.9819437]
5012	[14.9819437]
5013	[14.9819437]
5014	[14.9819437]
5015	[14.9819437]
5016	[14.9819437]
5017	[14.9819437]
5018	[14.9819437]
5019	[14.9819437]
5020	[14.9819437]
5021	[14.9819437]
5022	[14.9819437]
5023	[14.9819437]
5024	[14.9819437]
5025	[14.9819437]
5026	[14.9819437]
5027	[14.9819437]
5028	[14.9819437]
5029	[14.9819437]
5030	[14.9819437]
5031	[14.9819437]
5032	[14.9819437]
5033	[14.9819437]
5034	[14.9819437]
5035	[14.9819437]
5036	[14.9819437]
5037	[14.9819437]
5038	[14.9819437]
5039	[14.9819437]
5040	[14.9819437]
5041	[14.9819437]
5042	[14.9819437]
5043	[14.9819437]
5044	[14.9819437]
5045	[14.9819437]
5046	[14.9819437]
5047	[14.9819437]
5048	[14.9819437]
5049	[14.9819437]
5050	[14.9819437]
5051	[14.9819437]
5052	[14.9819437]
5053	[14.9819437]
5054	[14.9819437]
5055	[14.9819437]
5056	[14.9819437]
5057	[14.9819437]
5058	[14.9819437]
5059	[14.9819437]
5060	[14.9819437]
5061	[14.98194369]
5062	[14.98194369]
5063	[14.98194369]
5064	[14.98194369]
5065	[14.98194369]
5066	[14.98194369]
5067	[14.98194369]
5068	[14.98194369]
5069	[14.98194369]
5070	[14.98194369]
5071	[14.98194369]
5072	[14.98194369]
5073	[14.98194369]
5074	[14.98194369]
5075	[14.98194369]
5076	[14.98194369]
5077	[14.98194369]
5078	[14.98194369]
5079	[14.98194369]
5080	[14.98194369]
5081	[14.98194369]
5082	[14.98194369]
5083	[14.98194369]
5084	[14.98194369]
5085	[14.98194369]
5086	[14.98194369]
5087	[14.98194369]
5088	[14.98194369]
5089	[14.98194369]
5090	[14.98194369]
5091	[14.98194369]
5092	[14.98194369]
5093	[14.98194369]
5094	[14.98194369]
5095	[14.98194369]
5096	[14.98194369]
5097	[14.98194369]
5098	[14.98194369]
5099	[14.98194369]
5100	[14.98194369]
5101	[14.98194369]
5102	[14.98194369]
5103	[14.98194369]
5104	[14.98194369]
5105	[14.98194369]
5106	[14.98194369]
5107	[14.98194369]
5108	[14.98194369]
5109	[14.98194369]
5110	[14.98194369]
5111	[14.98194369]
5112	[14.98194369]
5113	[14.98194369]
5114	[14.98194369]
5115	[14.98194369]
5116	[14.98194369]
5117	[14.98194369]
5118	[14.98194369]
5119	[14.98194369]
5120	[14.98194369]
5121	[14.98194369]
5122	[14.98194369]
5123	[14.98194369]
5124	[14.98194369]
5125	[14.98194369]
5126	[14.98194369]
5127	[14.98194369]
5128	[14.98194369]
5129	[14.98194369]
5130	[14.98194369]
5131	[14.98194369]
5132	[14.98194369]
5133	[14.98194369]
5134	[14.98194369]
5135	[14.98194369]
5136	[14.98194369]
5137	[14.98194369]
5138	[14.98194369]
5139	[14.98194369]
5140	[14.98194369]
5141	[14.98194369]
5142	[14.98194369]
5143	[14.98194369]
5144	[14.98194369]
5145	[14.98194369]
5146	[14.98194369]
5147	[14.98194369]
5148	[14.98194369]
5149	[14.98194369]
5150	[14.98194369]
5151	[14.98194369]
5152	[14.98194369]
5153	[14.98194369]
5154	[14.98194369]
5155	[14.98194369]
5156	[14.98194369]
5157	[14.98194368]
5158	[14.98194368]
5159	[14.98194368]
5160	[14.98194368]
5161	[14.98194368]
5162	[14.98194368]
5163	[14.98194368]
5164	[14.98194368]
5165	[14.98194368]
5166	[14.98194368]
5167	[14.98194368]
5168	[14.98194368]
5169	[14.98194368]
5170	[14.98194368]
5171	[14.98194368]
5172	[14.98194368]
5173	[14.98194368]
5174	[14.98194368]
5175	[14.98194368]
5176	[14.98194368]
5177	[14.98194368]
5178	[14.98194368]
5179	[14.98194368]
5180	[14.98194368]
5181	[14.98194368]
5182	[14.98194368]
5183	[14.98194368]
5184	[14.98194368]
5185	[14.98194368]
5186	[14.98194368]
5187	[14.98194368]
5188	[14.98194368]
5189	[14.98194368]
5190	[14.98194368]
5191	[14.98194368]
5192	[14.98194368]
5193	[14.98194368]
5194	[14.98194368]
5195	[14.98194368]
5196	[14.98194368]
5197	[14.98194368]
5198	[14.98194368]
5199	[14.98194368]
5200	[14.98194368]
5201	[14.98194368]
5202	[14.98194368]
5203	[14.98194368]
5204	[14.98194368]
5205	[14.98194368]
5206	[14.98194368]
5207	[14.98194368]
5208	[14.98194368]
5209	[14.98194368]
5210	[14.98194368]
5211	[14.98194368]
5212	[14.98194368]
5213	[14.98194368]
5214	[14.98194368]
5215	[14.98194368]
5216	[14.98194368]
5217	[14.98194368]
5218	[14.98194368]
5219	[14.98194368]
5220	[14.98194368]
5221	[14.98194368]
5222	[14.98194368]
5223	[14.98194368]
5224	[14.98194368]
5225	[14.98194368]
5226	[14.98194368]
5227	[14.98194368]
5228	[14.98194368]
5229	[14.98194368]
5230	[14.98194368]
